0 0 2 3 6 7 8 9 10 11 12 14 15 16 17 18 19 21 22 23 24 25 26 27 29
1 0 2 3 6 7 8 9 10 11 12 14 15 16 17 18 19 21 22 23 24 25 26 27 29
2 0 2 3 4 5 6 8 9 10 12 13 15 17 18 19 20 21 22 23
3 0 1 2 3 7 9 10 11 12 14 15 16 17 18 19 20 22 23 24 25 26 27 28 30
4 0 2 3 4 5 7 8
5 3 4 5 7 8 9 10 11 12 13 14 15 16
6 1 2 3 4 5 6 7 8 9 11 13 15 17 18 20 22 23 24 25 26 27 28 29 30 31 32
7 0 2 4 5 6 8 9 10 11 12 13
8 1 2 3 4 6 7 8 9 10
9 3 4 5 7 8 9 10 11 12 13 14 15 16
10 0 2 4 5 6 8 9 10 11 12 13
11 0 1 2 3 4 5 7 9
12 0 1 2 3 4 5 7 8
13 0 2 3 6 7 8 9 10 11 12 14 15 16 17 18 19 21 22 23 24 25 26 27 29
14 1 2 4 5 6 7 8 10 11 12 13 15
15 1 2 4 5 6 7 8 10 11 12 13 15
16 1 2 3 5 6 7 8 9 10 11 12 14 16 17 18 19 20 24 25 26 27 28 29 30 31 32 33 34 36 39 40 41 42 43 45 46 47 48 49 50 51 52 53 54 55 56 57 58 59 61 62 63 65 67 68
17 0 1 2 3 4 5 6 8 9 12 14 15 16 17 18 19 20 21 24 25 26 27 28 29 30 31 33 35
18 0 1 4 5 6 8 9 10 11 12 13 14 15 16 17 19
19 0 2 3 4 5 7 8
20 0 1 2 3 4 7 8 9 10 12 13 15 16 18 19 20 21 22 23 24 26 27 28 29 30 31 32 33 34 35 37 38 40 41 42 43 47 49 50 51 52 53 55 57 58 59 60 61 63 64 65 68 69 70 71 72 73 74 75 76 77 78 79 80 81 82 83 84 86 87 88 90 91 92 93 95 96 97 99 100 101 102 104 105 106 109 110 111 112 113 115 116 117 119 120 121 122 123 124 125 127 128 129 130 131 132 133 134 135 136 137 138 139 140 142 144 145 146 147 149 151 153 154 155 156 157 158 159 160 162 163 164 165 166 168 169 170 171 173 174 175 177 178 180 181 182 183 184
21 0 1 2 3 4 5 7 8
22 0 3 4 5 6 7 8 10 11 12 13 14 15 16 17
23 0 3 4 5 6 7 8 10 11 12 13 14 15 16 17
24 0 3 4 5 6 7 8 11 12 13 15 16 17 19 20 21 22 23 24 25
25 1 2 3 4 6 7 8 9 10
26 0 1 2 3 4 5 7 8 9 10 11 12 16 17 18 21 22 24 25 26 27 28 30 31 33 34 35 36 38 39 40 41 42 43 45 46 47 48 49 50
27 0 1 2 3 4 5 7 8
28 0 1 2 3 4 5 6 9 10 12 13 14 15 19 20 21 23 24 25 27 28 29 30 31 32 33 35 36 37 38 39 40 41 42 43 44
29 0 2 3 4 5 7 8
30 0 3 4 5 6 7 8 10 11 12 13 14 16 17
31 0 2 3 6 7 8 9 10 11 14 15 16 17 18 20 21 22 23 24 25 26
32 0 1 3 4 5 6 7 8 9 10 11 15 16 19 20 21 22 23 24 25 26 27 29 30 31 33 34 35 36 37 38 41 42 43 44 45 46 47 48 49 50 51 52 53 54 56 57 58 59 60 61 63 64 66 68 69
33 0 2 4 5 6 8 9 10 11 12 13
34 0 1 2 3 4 5 7 8
35 0 2 3 4 5 6 7 8 10 11 12 13 14 15 16 18
36 3 4 5 7 8 9 10 11 12 13 14 15 16
37 0 2 4 5 6 8 9 10 11 12 13
38 0 1 2 3 4 5 7 9
39 0 2 3 4 5 7 8
40 0 2 3 4 5 7 8
41 0 2 3 4 5 7 8
42 0 1 2 4 5 6 8 9 10 11 12 14
43 1 3 4 5 7 8 9 10 11 12
44 0 1 2 3 7 9 10 11 12 14 15 16 17 18 19 20 22 23 24 25 26 27 28 30
45 0 1 4 5 6 8 9 10 11 12 13 14 15 16 17 19
46 0 2 3 4 5 6 8 9 10 12 13 15 17 18 19 20 21 22 23
47 0 1 2 3 4 5 7 8
48 1 2 3 4 5 6 7 8 9 10 11 12 13 14 16 17 18 19 20 21 22 23 25 27 28 29 30 31 33 34 35 36 37 38 39 40 42 43 46 48 50 51 52 53 56 57 58 59 61 62 63 65 66 67 68 69 71 73 75 76 77 78 79 80 81 82 84 85 87 88 90 91 92 93 96 97 98 99 100 101 102 103 104 105 106 107 108
49 1 2 4 7 8 9 10 11 12 13 14 15 18 20 21 23 25 26 28 29 30 31 32 33 34 37 38 39 40 41 42 43 44 45 46 47 48 49 50 51 52 54 55 56 57 58 59 60 61 62 63 65 66
50 0 1 2 3 4 5 6 7 9 10 12 13 14 15 19 20 21 23 24 25 27 28 29 30 31 32 33 35 36 37 39 40 41 42 43 44 45
51 0 1 2 3 4 5 6 8 9 11 13 14 15 18 19 20 21 22 23 24 26 27 28 29 31 33 34 35 36 37 38 39 40 41 42
52 1 3 4 5 6 8 9 10 11 12 14 15 16 17 20 21 23 24 25 26 27 28 29 30 31 32 33 34 37 38 40 41 42 43 45 46 47 48 49 50 51 52 53 54 55 56 57 59
53 0 1 2 3 5 6 7 8 9 10 12 14 15 16 17 18 19 20 21 22 23 24 25 26 28 29 31 32 34 35 36 38
54 0 1 2 3 4 5 6 7 8 9 11 12 13 14 16 17 18 19 21 22 23 24 25 26 27 28 30 31 32 34 36 37 38 39 40 41 43 44 47 48 50 51 52 54 55 56 57 59 60 63 64 65 67 68 69 70 71 73 75 77 78 79 80 81 82 83 84 85 87 88 90 91 93 94 95 96 98 99 100 101 102 103 104 105 106 107 108 109 110 112
55 0 1 2 3 4 5 6 9 10 12 13 14 15 19 20 21 23 24 25 27 28 29 30 31 32 33 35 36 37 38 39 40 41 42 43 44
56 0 3 4 5 7 8 9 10 12 15 16 17 18 20 21 22 23 24 26 27 28 29 30 31 33 34 35 36 37 38 40 41 43 44 45 46 47 48 49 50 51 52 53 55 56 57 58 59 60 61 62 63 65 66 68 69 70 71 73 74 75 76 77 78 79 80 82
57 0 1 2 4 5 7 8 9 12 14 15 16 17 18 19 20 21 22 23 24 25 27 28 29 30 31 33 34 35 36 37 38 39 40 42 43 45 46 47 48 49 50 51 52 53 54 55 57 59 60 61 62 63 65 67 68 70 71 72 73 75 76 77 79 80 81 82 83 85
58 0 1 2 3 5 6 7 9 10 11 12 13 14 16 17 18 20
59 0 1 2 3 5 6 7 9 12 13 14 15 16 17 18 19 20 21 22 25 28 29 30 31 32 33 34 35 36 38 39 40 42 43 44 45 47 48 49 50 51 52 53 54 55 56 57 58 60 62
60 0 1 2 4 5 6 8 9 10 11 12 14
61 0 1 3 4 5 6 7 8 9 10 11 15 16 19 20 21 22 23 24 25 26 27 29 30 31 33 34 35 36 37 38 41 42 43 44 45 46 47 48 49 50 51 52 53 54 56 57 58 59 60 61 63 64 66 68 69
62 0 1 2 3 4 5 6 7 8 9 10 12 13 17 18 19 20 21 22 24 25 26 27 28 30 32 33 34 35 36 37 38 39 41
63 0 1 2 3 4 5 6 9 11 14 16 17 18 20 21 22 23 24 25 26 28 29 30 31 32 33 34 36 37 38 39 40 41 43 44 45 46 47 48
64 0 1 2 3 4 8 9 10 11 14 16 17 18 19 20 21 22 23 24 25 26 27 28 30 31 32 33 35 36 37 38 40 41 42 43 44 45 46 47 48 50 52 53 54 56 57 58 59 60 61 62 63 64 65 66 68 69 70 71 73 74 75 78 79 80 81 82 84 85 86 87 88 89 91 92 93 94 96 97 98 99 100 102 103 104 105 106 108 110 111 112 114 115 116 117 118 120 121 122 123 124 125 127 128 130 132 133
65 0 1 2 3 4 5 6 7 9 10 12 13 14 15 19 20 21 23 24 25 27 28 29 30 31 32 33 35 36 37 39 40 41 42 43 44 45
66 0 1 2 3 4 6 7 8 10 11 13 14 15 18 21 22 23 26 27 28 29 30 31 32 33 34 35 37 38 39 40 42 43 44 45 46 47 48 49 50 51 52 53 55
67 0 2 3 4 5 6 7 8 9 10 11 13 15 17 18 19 20 21 22 23 24 26 27 28 30 31 32 33 35 36 37 39
68 0 1 2 4 5 6 7 8 9 10 13 14 15 16 17 19 20 21 22 23 24 26 27 28 29 30 32 33 34 36 37 38 39 41 42 43 45 47 48 49 50 51 52 53 54 55 56 58 59 60 61 62 63 64 67 68 69 71 72 73 75
69 0 1 2 3 4 6 7 8 9 11 13 15 16 18 19 21 22 23 25 26 27 28 29 31 32 34 35 36 37 39 40 41 42 43 44 46 47 48 49 50 51
70 0 1 3 4 5 6 7 8 9 10 11 12 13 14 15 16 17 18 19 20 21 22 25 26 27 28 29 30 31 32 33 35 36 38 39 40 41 44 46 47 48 49 50 51 52 53 54 56 57 58 59 60 62 65 66 67 69 70 71 73
71 0 1 2 3 4 5 6 7 8 9 11 12 13 14 16 17 18 19 21 22 23 24 25 26 27 28 30 31 32 34 36 37 38 39 40 41 43 44 47 48 50 51 52 54 55 56 57 59 60 63 64 65 67 68 69 70 71 73 75 77 78 79 80 81 82 83 84 85 87 88 90 91 93 94 95 96 98 99 100 101 102 103 104 105 106 107 108 109 110 112
72 0 2 4 5 6 8 9 10 11 12 13
73 0 2 3 6 7 8 9 10 11 14 15 16 17 18 20 21 22 23 24 25 26 27
74 0 1 3 4 5 7 11 12 13 14 15 16 17 18 19 20 21 24 25 26 28 30 31 32 33 34 35 37 38 39 40 41 42 43 44 45 46 47 48 50 51 52 53 54 55 56 57 58 59 60 62 63 65 66 67 68 70 71 72 73 75 76 77 79
75 0 2 3
76 0 1 3 4 5 7 8 9 10 11 12 13 14 15 16 17 19 20 21 23 24 25 26 27 29 30 32 34 35 36 38 39 40 41 42 43 44 45 46 47 48 49 50 51 53 54 57 58 59 60 61 62 63 64 66 67 68 69 70 71 72 73 74 76 77 78 79 80 81 82 85 86 87 89 90 91 93 94 96 98 99 100 101 103 104 105 106 107 108 109 110 111 112 113 114 115 116 117 119 120 121 122 123 125 126 127 128 129 131 132 133 135 136 138 140 141 142 145 147 148 149 150 151 152 153 154 156 157 159 160 161 162 164 165 167 168 169 171 173 174 175 176 177 179 180 182 183 184 187 188 189 190 192 193 194 195 196 197 198 199 201 202 204 205 207 208 209 210 211 212 213 214 215 216 217 218 220 221 222 223 224 225 226 228 230 231 232 233 234 236 237 238 239 240 241 243 244 245 246 247 248 249 251 252 253 254 255 258 260 261 262 263 264 266 267 269 270 271 273 275 276
77 0 1 3 4
78 0 1 2 3 4 5 7 8
79 3 4 5 7 8 9 10 11 12 13 14 15 16
80 0 3 4 5 6 7 8 10 11 12 13 14 15 16 17
81 0 3 4 5 6 7 8 10 11 12 13 14 15 16 17
82 0 1 2 3 4 6 7 8 10 11 12 15 16 18 19 20 21 22 23 24
83 0 1 2 3 5 6 7 9 10 11 12 13 14 16 17 18 20
84 3 4 5 7 8 9 10 11 12 13 14 15 16
85 0 1 2 4 5 6 8 9 10 11 12 14
86 0 1 2 3 4 5 6 8 9 11 13 15 16 17 18 19 20 22 23 24 25 27 28 29 31 32 33 34 35 36 37 38 40
87 1 2 4 5 6 7 8 10 11 12 13 15
88 0 1 2 3 4 5 6 8 9 12 14 15 16 17 18 19 20 21 24 25 26 27 28 29 30 31 33 34
89 0 1 3 4 5 7 8 9 10 12 13 14 16 17 18 19 21 23 24 25 26 28 29 30 31 32 33 35 37 38 39 40 41 42 43 44 45 46 47 49 50 51 52 53 54 56 57 58 60 61 62 63 64 65 66 68 69 70 71 73 74 75 77
90 0 1 2 3 4 5 6 7 8 10 11 12 15 17 18 19 20 22 23 26 27 28 30 31 32 33 34 35 36 37 38 39 40 41 44 45 46 48 49 50 52 53 54 55 56 57 58 59 60 61 62 63 64 65 67 69 71 72 73 74 75 76 77 78 80 81 83 84 86 87 88 89 92 93 94 95 96 97 99 100 101 102 103 104
91 0 1 2 3 4 5 7 9 10 11 12 13 14 15 16 17 18 20 21 22 25 26 27 28 29 30 31 32 33 35 36 37 38 39 41 43 44 45 46 48 49 50 52 53 54 55 57 58 60 61 62 63 64 65 67 68 70 71 73 74 75 76 78 79 80 82 83 84 85 86 87 88
92 0 1 2 3 4 6 7 8 10 11 15 16 17 18 19 20 21 22 23 24 25 27 28 29 30 31 32 34 36
93 0 2 3 4 5 7 8
94 1 2 4 5 6 7 9 10 11 12 13 14 15 18 19 21 22 23 26 27 28 29 30 31 33 34 35 36 38 39 40 41 43 44 45 46 47 48 49 50 51 52 53 54 56
95 0 1 2 4 5 6 8 9 10 11 12 14
96 0 2 3 4 5 6 7 8 10 11 12 13 14 15 16 18
97 0 1 2 3 4 5 7 9
98 1 2 4 5 6 7 8 10 11 12 13 15
99 0 1 2 3 4 6 7 8 10 11 13 14 15 18 21 22 23 26 27 28 29 30 31 32 33 34 35 37 38 39 40 42 43 44 45 46 47 48 49 50 51 52 53 55
100 0 2 3 4 5 7 8
101 0 2 4 5 6 8 9 10 11 12 13
102 0 2 4 5 6 8 9 10 11 12 13
103 0 2 3 4 5 6 7 8 10 11 12 13 14 15 16 18
104 1 2 3 4 6 7 8 9 10
105 1 2 4 5 6 7 8 10 11 12 13 15
106 0 2 3 4 5 6 8 9 10 12 13 15 17 18 19 20 21 22 23
107 0 1 2 4 5 6 8 9 10 11 12 14
108 0 2 3 4 5 6 7 8 10 11 12 13 14 15 16 18
109 0 2 3 4 5 6 7 8 9 10 12 13 14 15 16 18 19 20 22 24 25 26 27 28 29 30 31 33 34 35 36 37 39 40 41 43 45 46 48 49 50 51 52 53 54 56 57 58 59 60 61 62 64 65 67 68 69 70 72 73 74 79 80 81 82 83 84 85 87 88 89 90 92 93 95 96 97 98 99 100 101 102 103 104 105 106 107 108 109 110 112 113 114 115 116 118 119 120 121 122 123 124 125 126 127 129 131 133 134 135 136 137 138 139 140 142 144 145 146 148 149 150 151 153 154 155 157 158 159 160 161 163
110 0 1 2 3 4 5 6 7 8 10 11 12 15 16 17 18 19 20 22 24 28 29 30 31 32 33 34 35 37 38 42 43 44 45 47 48 49 50 51 53 54 55 57 58 59 60 61 62 63 64 65 66 68 69 72 73 74 76 77 79 80 81 82 83 85 86 87 88 89 91 92 93 94 95 96 97 98 99 100 101 102 106 108 109 110 111 112 114 115 116 117 118 119 121 122 123 124 125 126 127 128 129 130 131 132 134 135 136 137 138 139 140 141 144 145 146 147 149 150 151 152 153 154 155 156 158 159 161 162 164 165 166 167 168 169 170 171 172 173 174 175 176 177 178 179 181 183 184 185 186 187 189 190 191 192 194 196 197 198 199 200 201 202 203 205 207 208 210 211 212 214 215 216 217 220 221 222 223 224 225 226 227 228 229 230 231 233 235
111 0 1 4 5 6 8 9 10 11 12 13 14 15 16 17 19
112 1 2 4 5 6 7 8 10 11 12 13 15
113 0 2 3 4 5 7 8
114 0 1 2 3 5 6 7 9 10 11 12 13 14 16 17 18 20
115 1 2 4 5 6 7 8 10 11 12 13 15
116 1 2 3 4 6 7 8 9 10
117 0 1 2 3 4 5 7 9
118 0 2 3 6 7 8 9 10 11 12 14 15 16 17 18 20 21 22 23 24 25 26 28
119 0 1 2 3 4 6 7 8 10 11 13 14 15 18 21 22 23 26 27 28 29 30 31 32 33 34 35 37 38 39 40 42 43 44 45 46 47 48 49 50 51 52 53 54
120 0 1 4 5 6 8 9 10 11 12 13 14 15 16 17 19
121 0 1 2 3 4 5 7 9
122 0 1 2 3 4 5 7 8
123 0 1 2 3 4 5 7 9
124 1 2 4 5 6 7 8 10 11 12 13 15
125 1 2 3 5 6 7 8 9 10 11 12 14 16 17 18 19 20 24 25 26 27 28 29 30 31 32 33 34 36 39 40 41 42 43 45 46 47 48 49 50 51 52 53 54 55 56 57 58 59 61 62 63 65 67 68
126 0 2 3 6 7 8 9 10 11 14 15 16 17 18 20 21 22 23 24 25 26
127 1 2 4 5 6 7 8 10 11 12 13 15
128 0 1 2 3 4 5 6 7 8 9 10 12 13 17 18 19 20 21 22 24 25 26 27 28 30 32 33 34 35 36 37 38 39 41
129 0 1 2 3 4 5 7 8
130 0 2 3 4 5 6 8 11 12 13 14 15 16 18 19 20 21 22 23 25 26 27 28 29 30 31 32 34 35 38 39 41 42 43 45 46 47 48 49 51 52 53 54 56 57 58 59 60 61 62 64 66 68 69 70 71 72 73 74 75 77 78 80 81 83 84 85 86 88 89 90 91 92 93 95 96 97 98 99 100
131 0 1 2 3 4 5 7 9
132 0 1 2 4 5 6 8 9 10 11 12 14
133 0 1 4 5 6 8 9 10 11 12 13 14 15 16 17 19
134 1 3 4 5 7 8 9 10 11 12
135 1 2 4 5 6 7 8 10 11 12 13 15
136 0 1 2 3 5 6 7 9 10 11 12 13 14 16 17 18 20
137 3 4 5 7 8 9 10 11 12 13 14 15 16
138 0 1 2 3 5 6 7 9 10 11 12 13 14 16 17 18 20
139 1 3 4 5 7 8 9 10 11 12
140 1 2 3 4 6 7 8 9 10
141 1 2 3 4 6 7 8 9 10
142 0 1 2 3 5 6 9 10 11 12 13 14 16 17 18 19 20 21
143 1 2 3 4 6 7 8 9 10
144 0 1 2 3 4 6 7 8 10 11 13 14 15 18 21 22 23 26 27 28 29 30 31 32 33 34 35 37 38 39 40 42 43 44 45 46 47 48 49 50 51 52 53 54
145 0 1 2 4 5 7 8 9 12 14 15 16 17 18 19 20 21 22 23 24 25 27 28 29 30 31 33 34 35 36 37 38 39 40 42 43 45 46 47 48 49 50 51 52 53 54 55 57 59 60 61 62 63 65 67 68 70 71 72 73 75 76 77 79 80 81 82 83 85
146 0 1 2 3 4 5 7 8
147 1 2 3 4 6 7 8 9 10
148 0 2 3 4 5 6 7 8 9 10 11 13 15 17 18 19 20 21 22 23 24 26 27 28 30 31 32 33 35 36 37 39
149 0 1 2 3 4 5 6 8 9 12 14 15 16 17 18 19 20 21 24 25 26 27 28 29 30 31 33 34
150 0 1 2 3 4 5 6 7 8 9 10 12 13 17 18 19 20 21 22 24 25 26 27 28 30 32 33 34 35 36 37 38 39 41
151 0 1 2 3 4 5 6 7 8 9 10 11 12 13 14 15 19 20 22 24 25 26 27 29 30 31 33 34 35 36 37 38 40 41 42 43 44 45 46 47 48 49 50 51 52 54 56 57 59 61 63 64 65 66 67 68 69 70 73 74 75 76 77 79 80 82 84 85 86 87 88 89 90 91 92 94 95 97 98 100 101 102 103 106 107 108 109 110 111 112 113 114 115 116 117 119 121
152 0 1 2 3 4 5 6 8 9 12 14 15 16 17 18 19 20 21 24 25 26 27 28 29 30 31 33 34
153 0 3 4 5 6 7 8 10 11 12 13 14 15 16 17
154 0 1 2 3 4 5 7 8
155 0 1 2 3 7 8 9 12 13 14 15 17 18 19 20 21 22 23 24 25 26 27 28 29 31
156 3 4 5 7 8 9 10 11 12 13 14 15 16
157 0 1 2 3 4 6 7 8 10 11 13 14 15 18 21 22 23 26 27 28 29 30 31 32 33 34 35 37 38 39 40 42 43 44 45 46 47 48 49 50 51 52 53 55
158 0 1 2 4 5 6 8 9 10 11 12 14
159 0 2 3 4 5 7 8
160 1 3 4 5 7 8 9 10 11 12
161 0 1 2 3 4 5 6 9 11 14 16 17 18 20 21 22 23 24 25 26 28 29 30 31 32 33 34 36 37 38 40 41 42 43 44 45 46 47
162 1 2 3 4 6 7 8 9 10
163 1 2 4 5 6 7 8 10 11 12 13 15
164 1 2 3 4 6 7 8 9 10
165 0 2 4 5 6 8 9 10 11 12 13
166 0 3 4 5 6 7 8 10 11 12 13 14 15 16 17
167 0 1 2 4 5 6 8 9 10 11 12 14
168 0 4 5 6 7 8 9 10 11 12 14 15 16 17 18 19 21 23 24 25 28 29 30 31 32 33 35 37 38 39 40 41 42 44 45 46 47 48 49 50 51 52 53 54 55 57 59 60 61 62 63 65 66 68 69 71 72 73 74 75 76 77 78 79 80 81 82 84 85 86 89 90 91 92 94 95 96 97 98 99 100 101 102 103 104 105 106 107 108 109 110 111 112 114 115 116 117 119 120 121 122 123 124 126 127 129 130 131 132 135 136 137 139 141 143
169 0 1 2 3
170 0 2 3 6 7 8 9 10 11 12 14 15 16 17 18 20 21 22 23 24 25 26 28
171 0 3 4 5 6 7 8 10 11 12 13 14 15 16 17
172 1 2 3 4 6 7 8 9 10
173 0 1 2 3 4 5 7 8
174 0 2 3 6 7 8 9 10 11 14 15 16 17 18 20 21 22 23 24 25 26
175 1 3 4 5 7 8 9 10 11 12
176 0 3 4 5 6 7 8 11 12 13 15 16 17 19 20 21 22 23 24 25
177 1 2 3 6 7 8 10 11 12 13 14 15 16 17 18 20 21 22 23 25 26 28 30 32 33 34 35 36 37 38 39 40 41 42 44 45 46 47 48 49 50 51 52 53 54 56 57 58 59 60 61 62 64 66 67 69 70 71 72 74 75 76 77 78 79 80 81 83
178 2 3 4 5 6 7 8 9 11 13 14 17 18 20 21 22 23 24 25 26 27 28 29 30 32 33 34 35 37 38 39 40 41 42 44 45 46 47 48 49
179 0 1 2 3 4 7 8 9 10 11 12 13 14 15 18 19 20 22 23 24 25 26 27 28 29 32 33 34 35 36 37 39 41 42 44 45 46 48 49 50 51 53 54 55 56 57 58 59 60 61 63 64 65 66 67 68 69 71 72 74 75 77 78 79 80 82 83 84 86 87 89 90 91 92 93 94
180 0 2 3 4 5 7 8
181 0 1 2 3 4 5 7 8
182 0 2 3 4 5 7 8
183 0 1 2 4 5 6 8 9 10 11 12 14
184 0 1 2 3 5 6 9 10 11 12 13 14 16 17 18 19 20 21
185 3 4 5 7 8 9 10 11 12 13 14 15 16
186 0 2 3 6 7 8 9 10 11 12 14 15 16 17 18 19 21 22 23 24 25 26 27 29
187 0 1 2 3 5 6 9 10 11 12 13 14 16 17 18 19 20 21
188 0 1 2 3 4 5 6 8 9 12 14 15 16 17 18 19 20 21 24 25 26 27 28 29 30 31 33 34
189 0 1 2 3 4 6 7 8 9 11 13 15 16 18 19 21 22 23 25 26 27 28 29 31 32 34 35 36 37 39 40 41 42 43 44 46 47 48 49 50 51
190 0 1 2 4 5 6 7 8 9 10 11 12 13 15 16 17 20 21 23 24 26 27 28 29 30 31 32 33 35 36 37 38 40 41 43 44 45 46 47 50 52 53 55 56 57 59 60 61 63 65 66 67 68 69 70 71 72 74 76 77 78 79 81 82 83 84 87 89 90 92 93 94 96 97 98 99 101 102 103 105 106 107 108 109 110 111 112 113 115 116 117 118 119 120 121 122 123 124 125 126 127 129 130 131 132 133 134 135 136 137 138 139 140 142 143 144 147 148 149 152 153 154 155 157 158 159 160 161 163 164 165 166 167 168 169 171 172 173 174 175 176 179 180 181 182 183 185 186 188 190 192 193 194 197 198 199 200 202 203 204 205 206 208 209 211 212 213 214 215 216 217 218 219 220 221 222 223 224 225 226 227 228 230 231 232 233 234 235 236 237 238 239 241 242 243 244 245 246 247 248 249 250 251 252 254 256 258 259 260 261 262 263 264 267 268 269 270 271 272 273 274 275 276 278 279 280 282 284 286
191 0 1 2 3 4 5 7 9 10 11 12 13 14 15 16 17 18 20 21 22 25 26 27 28 29 30 31 32 33 35 36 37 38 39 41 43 44 45 46 48 49 50 52 53 54 55 57 58 60 61 62 63 64 65 67 68 70 71 73 74 75 76 78 79 80 82 83 85 86 87 88 89
192 0 1 2 3 5 6 9 10 11 12 13 14 16 17 18 19 20 21
193 1 2 3 4 5 6 7 8 9 11 13 15 17 18 20 22 23 24 25 26 27 28 29 30 31 32
194 1 4 5 7 8 9 10 11 12 13 14 16 17 18 19 20 21 23 24 25 26 28 29 30 31 32 33 35 36 38 39 40 41 42 43 44 45 46 47 49 50 51 52 53 54 55 56 57 58 59 61 62 64 65 66 67 69 70 71 72 74 75 76 78
195 0 3 4 5 6 7 8 11 12 13 15 16 17 19 20 21 22 23 24 25
196 0 2 3 6 7 8 9 10 11 14 15 16 17 18 20 21 22 23 24 25 26
197 0 1 2 3 5 6 7 9 10 11 12 13 14 16 17 18 20
198 0 2 4 5 6 8 9 10 11 12 13
199 0 1 2 3 4 5 6 8 9 11 13 14 15 18 19 20 21 22 23 24 26 27 28 29 31 33 34 35 36 37 38 39 40 41 42
200 0 2 3 4 5 7 8
201 0 1 2 3 4 6 7 8 9 11 12 13 14 16 17 19 20 23 24 25 27 28 29 30 31 33 34 36 37 38 40 42 43 44 45 47 49 50 51 52 53 54 56 57 58 59 60 61 62 63 65 66 67 68 69 70 71 72 74 75 77 78 80 81 82 83 85 86 87 88 89 90 92 93 94 95 96 97
202 1 2 3 4 6 7 8 9 10
203 0 1 2 3 4 5 7 8 9 10 11 15 18 20 21 22 23 24 25 26 28 29 30 31 33 34 36 37 38 39 41 42 43 44 45 46 47 48 49 50 51 52 53
204 0 1 2 3 4 5 6 7 9 10 12 13 14 15 19 20 21 23 24 25 27 28 29 30 31 32 33 35 36 37 39 40 41 42 43 44 45
205 0 1 3 4 5 6 7 8 9 10 11 12 13 14 16 17 18 19 20 21 22 25 29 30 31 32 33 34 35 36 37 38 39 40 42 44 45 46 47 48 49 51 52 53 55 56 57 58 60 61 63 64 65 66 68 69 70 73 75 76 77 79 80 81 83 84 85 86 88 89 90 91 92 93 94 95 96 97 98 99 100 101 102 103 104 105 106 108 109 110 111 112 114 115 116 117 118 119 120 121 122 123 125 126 128 130 132 133 134 135 136 137 138 139 141 143 144 145 147 148 149 150 152 153 154 156 157 158 159 160 162
206 0 2 4 5 6 8 9 10 11 12 13
207 0 2 3 6 7 8 9 10 11 12 14 15 16 17 18 20 21 22 23 24 25 26 28
208 0 2 3 4 5 7 8
209 0 1 2 4 5 6 8 9 10 11 12 14
210 0 1 2 3 7 9 10 11 12 14 15 16 17 18 19 20 22 23 24 25 26 27 28 30
211 0 2 3 4 5 7 8
212 0 1 2 3 4 6 9 10 12 14 17 18 19 21 22 23 24 25 27 28 30 31 32 33 34 36 37 38 39 40 41 42 43 45 46 47 48 49 50 51 53 54 55 56 57 58 59 60 61 62 64 65
213 0 2 4 5 6 8 9 10 11 12 13
214 0 1 4 5 6 8 9 10 11 12 13 14 15 16 17 19
215 0 1 2 3 4 5 7 8 9 10 11 15 18 20 21 22 23 24 25 26 28 29 30 31 33 34 36 37 38 39 41 42 43 44 45 46 47 48 49 50 51 52 53
216 0 2 3 4 5 7 8
217 1 2 3 4 6 7 8 9 10
218 0 1 2 3 4 5 7 8
219 1 2 3 4 6 7 8 9 10
220 0 2 3 6 7 8 9 10 11 12 14 15 16 17 18 19 21 22 23 24 25 26 27 29
221 0 2 3 4 5 6 7 8 10 11 12 13 14 15 16 18
222 1 3 4 5 7 8 9 10 11 12
223 0 1 2 3 4 6 7 8 9 10 11 13 14 16 17 18 19 20 21 22 23 26 27 28 32 34 35 36 37 38 39 41 43 44 45 46 47 48 50 51 52 53 54 55 57 58 59 60 62 63 64 65 66 67 68 69 71 72 73 74 76 77 78 79 80 82 83 85 87 88 89 90 91 92 93 94 95 97 98 99 101 102 104 105 106 107 109 110 111 112 113 114 115 116 117 118 119 120 122 124 126
224 1 2 4 5 6 7 8 9 10 11 12 13 14 16 17 18 19 20 21 22 23 24 25 26 27 28 30 31 32 33 34 35 37 38 39 41 42 43 45 46 47 49 50 51 52 55 56 58 59 61 62 65 66 67 68 70 72 74 75 76 77 78 79 80 81 83 84 86 87 89 90 91 92 95 96 97 98 99 100 101 102 103 104 105 106 107
225 0 2 3 4 5 6 8 9 10 12 13 15 17 18 19 20 21 22 23
226 0 1 2 3 5 6 9 10 11 12 13 14 16 17 18 19 20 21
227 1 2 3 4 5 6 7 8 9 11 12 13 14 15 18 19 21 22 23 24 26 27 28 30 31 33 35 36 37 39 40 41 42 44 45 46 47 48 49 50 51 52 53 54 55 57
228 0 1 3 4 5 6 7 8 9 10 11 12 13 14 15 16 17 18 19 20 21 22 25 26 27 28 29 30 31 32 33 35 36 38 39 40 41 44 46 47 48 49 50 51 52 53 54 56 57 58 59 60 62 65 66 67 69 70 71 73
229 0 1 2 3 4 5 6 8 9 12 14 15 16 17 18 19 20 21 24 25 26 27 28 29 30 31 33 34
230 0 1 2 3 4 5 7 8
231 0 1 2 3 4 6 7 8 10 11 13 14 15 18 21 22 23 26 27 28 29 30 31 32 33 34 35 37 38 39 40 42 43 44 45 46 47 48 49 50 51 52 53 54
232 0 3 4 5 6 7 8 11 12 13 15 16 17 19 20 21 22 23 24 25
233 3 4 5 7 8 9 10 11 12 13 14 15 16
234 0 2 3 4 5 7 8
235 0 2 3 6 7 8 9 10 11 14 15 16 17 18 20 21 22 23 24 25 26 27
236 0 1 2 4 5 6 8 9 10 11 12 14
237 0 2 3 4 5 6 7 8 10 11 12 13 14 15 16 18
238 0 1 2 3 4 6 7 8 10 11 15 16 17 18 19 20 21 22 23 24 25 27 28 29 30 31 32 34 36
239 0 2 3 4 5 7 8
240 1 2 3 4 6 7 8 9 10
241 0 3 4 5 6 7 8 10 11 12 13 14 16 17
242 0 1 2 3 4 5 6 7 8 9 13 14 16 17 18 19 20 21 22 23 25 27 28 29 30 31 32 33 34 35 37 38 40 41 42 43 44 45 46 48 49 50 52 54 56 57 58 59 61 62 64 65 66 68 69 70 71 72 74 76 78 79 80 81 82 83 84 85 86 88 89 91 92 94 95 96 97 99 100 101 102 103 104 105 106 107 108 109 110 111 113
243 0 1 2 3 4 6 7 8 10 11 12 15 16 18 19 20 21 22 23 24
244 0 2 3 4 5 7 8
245 0 2 3 4 5 6 7 8 9 10 11 13 15 17 18 19 20 21 22 23 24 26 27 28 30 31 32 33 35 36 37 39
246 0 1 2 3 5 6 9 10 11 12 13 14 16 17 18 19 20 21
247 0 1 2 3 4 5 7 9
248 0 2 3 4 5 6 8 9 10 12 13 15 17 18 19 20 21 22 23
249 0 2 4 5 6 8 9 10 11 12 13
250 0 1 2 4 5 6 8 9 10 11 13 15 17 18 19 21 22 24 25 26 27 28 29 30 31 32 33 34 35 37 38 40 41 42 43 44 45 46 47 49 50 51 52 53 54 56 57 58 61 62 63 65 66 68 69 70 71 72 73 74 75 76 78 79 80 83 84 85 86 87 88 90 91 92 93 94 95 96 97 98 99 100 101 102 103 104 105 106 108 109 110 111 112 113 114 116 117 118 120 121 122 123 124 127 130 131 132 134 136 137
251 0 1 2 3 4 6 7 9 10 11 13 14 15 16 17 18 19 20 21 22 24 25 26 27 28 29 30 31 32 33 34 35 36 37 39 40 41 42 44 46 47 48 49 50 52 54 56 57 58 60 62 63 64 65 66 67 68 69 70 71 72 73 74 76 77 78 83 84 85 87 88 89 90 91 92 94 95 96 97 99 100 101 102 103 105 106 107 108 109 111 113 114 115 117 118 119 120 121 123 124 125 126 128 129 130 132 134 135
252 0 1 2 3 4 5 6 8 9 12 14 15 16 17 18 19 20 21 24 25 26 27 28 29 30 31 33 35
253 0 1 2 4 5 6 8 9 10 11 12 14
254 0 1 2 4 5 7 8 9 10 11 12 13 14 17 18 19 20 21 22 23 24 25 27 28 29 31 32 33 34 35 36 38 39 40 41 42 43 44 45 46 47 48 51 53 55 56 57 59 60 61 62 63 65 66 67 70 71 72 73 74 76 78 80 81 82 83 84 85 86 87 88 90 91 93 94 96 97 98 99 102 103 104 105 106 107 108 109 110 111 112 113 114 116
255 1 2 4 7 8 9 10 11 12 13 14 15 18 20 21 23 25 26 28 29 30 31 32 33 34 37 38 39 40 41 42 43 44 45 46 47 48 49 50 51 52 54 55 56 57 58 59 60 61 62 63 65 66
256 0 1 2 3 4 5 6 7 8 9 10 13 14 15 16 17 18 21 22 24 25 26 27 28 30 31 33 34 35 36 38 39 40 42 43 44 45 46 47 48 49 50 51 53 54 55 57 59 61 62 63 64 65 66 67 68 69 70 71 72 73 75 76 77 78 79 81 82 84 86 87 88 89 90 91 92 93 94 96 97 99 100 102 103 104 105 108 109 110 111 112 113 114 115 116 117 118 120 122 124
257 0 2 3 6 7 8 9 10 11 12 14 15 16 17 18 20 21 22 23 24 25 26 28
258 0 2 3 4 5 7 8
259 0 2 4 5 6 8 9 10 11 12 13
260 0 1 2 3 4 6 9 10 12 14 17 18 19 21 22 23 24 25 27 28 30 31 32 33 34 36 37 38 39 40 41 42 43 45 46 47 48 49 50 51 53 54 55 56 57 58 59 60 61 62 64 65
261 1 2 3 4 6 7 8 9 10
262 0 1 2 3 5 6 7 9 10 11 12 13 14 16 17 18 20
263 0 1 2 3 4 6 7 8 10 11 12 15 16 18 19 20 21 22 23 24
264 0 3 4 5 6 7 8 10 11 12 13 14 15 16 17
265 1 2 3 4 6 7 8 9 10
266 1 2 3 4 6 7 8 9 10
267 1 2 3 4 6 7 8 9 10
268 0 1 2 3 7 8 9 12 13 14 15 17 18 19 20 21 22 23 24 25 26 27 28 29 31
269 1 3 4 5 7 8 9 10 11 12
270 0 1 2 3 4 6 7 8 9 10 11 15 16 17 18 19 20 21 22 23 24 25 27 28 29 30 31 33 34 35 37
271 0 1 2 3 4 5 6 9 11 14 16 17 18 20 21 22 23 24 25 26 28 29 30 31 32 33 34 36 37 38 40 41 42 43 44 45 46 47
272 0 3 4 5 6 7 8 10 11 12 13 14 15 16 17
273 0 3 4 5 6 7 8 11 12 13 15 16 17 19 20 21 22 23 24 25
274 0 1 2 4 5 6 8 9 11 12 13 14 16 18 19 20 22 23 24 26 27 28 29 30 31 32 34 35 36 37 38 39 40 41 42 43
275 0 1 2 3 4 5 6 8 9 11 13 14 15 18 19 20 21 22 23 24 26 27 28 29 31 33 34 35 36 37 38 39 40 41 42
276 0 2 4 5 6 8 9 10 11 12 13
277 1 3 4 5 7 8 9 10 11 12
278 1 3 4 5 7 8 9 10 11 12
279 0 1 4 5 6 8 9 10 11 12 13 14 15 16 17 19
280 0 1 2 3 4 5 6 9 10 12 13 14 15 19 20 21 23 24 25 27 28 29 30 31 32 33 35 36 37 38 39 40 41 42 43 44
281 0 2 3 6 7 8 9 10 11 12 14 15 16 17 18 19 21 22 23 24 25 26 27 29
282 0 1 2 3 4 5 6 9 11 14 16 17 18 20 21 22 23 24 25 26 28 29 30 31 32 33 34 36 37 38 39 40 41 43 44 45 46 47 48
283 0 1 2 3 4 5 7 9
284 0 2 3 4 5 6 8 11 12 13 14 15 16 18 19 20 21 22 23 25 26 27 28 29 30 31 32 34 35 38 39 41 42 43 45 46 47 48 49 51 52 53 54 56 57 58 59 60 61 62 64 66 68 69 70 71 72 73 74 75 77 78 80 81 83 84 85 86 88 89 90 91 92 93 95 96 97 98 99 100
285 0 3 4 5 6 7 8 10 11 12 13 14 16 17
286 0 2 3 6 7 8 9 10 11 12 14 15 16 17 18 19 21 22 23 24 25 26 27 29
287 1 2 4 5 6 7 8 10 11 12 13 15
288 0 1 2 3 4 5 6 7 8 9 10 12 13 17 18 19 20 21 22 24 25 26 27 28 30 32 33 34 35 36 37 38 39 41
289 0 1 2 3 5 6 9 10 11 12 13 14 16 17 18 19 20 21
290 3 4 5 7 8 9 10 11 12 13 14 15 16
291 0 2 4 5 6 8 9 10 11 12 13
292 0 1 3 4 5 6 7 8 9 10 11 12 13 14 15 16 17 18 19 20 21 22 25 26 27 28 29 30 31 32 33 35 36 38 39 40 41 44 46 47 48 49 50 51 52 53 54 56 57 58 59 60 62 65 66 67 69 70 71 73
293 0 1 2 3 4 5 7 8
294 0 1 2 3 4 5 6 9 11 14 16 17 18 20 21 22 23 24 25 26 28 29 30 31 32 33 34 36 37 38 39 40 41 43 44 45 46 47 48
295 0 1 3 4 5 6 7 8 9 10 11 15 16 19 20 21 22 23 24 25 26 27 29 30 31 33 34 35 36 37 38 41 42 43 44 45 46 47 48 49 50 51 52 53 54 56 57 58 59 60 61 63 64 66 68 70
296 1 2 4 5 6 7 8 10 11 12 13 15
297 0 1 2 3 5 6 7 9 10 11 12 13 14 16 17 18 20
298 1 2 3 4 6 7 8 9 10
299 0 2 3 4 5 6 8 9 10 12 13 15 17 18 19 20 21 22 23
300 0 1 2 3 5 6 7 9 10 11 12 13 14 16 17 18 20
301 0 1 2 3 5 6 7 9 12 13 14 15 16 17 18 19 20 21 22 25 28 29 30 31 32 33 34 35 36 38 39 40 42 43 44 45 47 48 49 50 51 52 53 54 55 56 57 58 60 62
302 0 1 4 5 6 8 9 10 11 12 13 14 15 16 17 19
303 1 3 4 5 7 8 9 10 11 12
304 0 2 3 4 5 6 7 8 10 11 12 13 14 15 16 18
305 1 3 4 5 6 8 9 10 11 12 14 15 16 17 20 21 23 24 25 26 27 28 29 30 31 32 33 34 37 38 40 41 42 43 45 46 47 48 49 50 51 52 53 54 55 56 57 59
306 1 2 3 4 5 6 7 8 9 11 13 15 17 18 20 22 23 24 25 26 27 28 29 30 31 32
307 0 1 3 4 5 6 7 8 9 10 13 14 16 17 18 20 21 22 23 24 25 26 27 29 31 32 34 35 36 37 38 39 42 43 44 45 46 47 48 49 50 52 53 54 55 56 58 59 60 61 62 63 64 65 67 69 71
308 0 1 3 4 5 6 7 8 9 10 13 14 16 17 18 20 21 22 23 24 25 26 27 29 31 32 34 35 36 37 38 39 42 43 44 45 46 47 48 49 50 52 53 54 55 56 58 59 60 61 62 63 64 65 67 69 71
309 1 3 4 5 7 8 9 10 11 12
310 0 1 2 3 4 5 7 8
311 0 2 3 4 5 6 8 9 10 12 13 15 17 18 19 20 21 22 23
312 0 2 3 4 5 7 8
313 1 3 4 5 7 8 9 10 11 12
314 0 1 2 3 5 6 7 9 10 11 12 13 14 16 17 18 20
315 0 2 4 5 6 8 9 10 11 12 13
316 0 2 4 5 6 8 9 10 11 12 13
317 1 3 4 5 7 8 9 10 11 12
318 0 2 3 4 5 6 7 8 9 10 11 13 15 17 18 19 20 21 22 23 24 26 27 28 30 31 32 33 35 36 37 39
319 0 1 2 3 4 5 7 8
320 0 2 4 5 6 8 9 10 11 12 13
321 3 4 5 7 8 9 10 11 12 13 14 15 16
322 0 1 2 3 4 5 7 9 10 11 12 13 14 15 16 17 18 20 21 22 25 26 27 28 30 31 32 33 35 36 37 38 39 41 42 43 44 45 46 48 49 50 52 53 54 55 57 58 60 61 62 63 64 65 67 69 70 72 73 74 75 77 78 79 81 82 83 84 85 86 87
323 1 2 3 4 6 7 8 9 10
324 0 1 2 3 4 5 7 8
325 2 3 4 5 6 7 8 9 11 13 14 17 18 20 21 22 23 24 25 26 27 28 29 30 32 33 34 35 37 38 39 40 41 42 44 45 46 47 48 49
326 0 1 2 3 4 6 7 8 9 10 11 15 16 17 18 19 20 21 22 23 24 25 27 28 29 30 31 33 34 35 37
327 1 2 3 4 6 7 8 9 10
328 0 3 4 5 6 7 8 10 11 12 13 14 15 16 17
329 0 1 2 3 4 5 6 8 9 12 14 15 16 17 18 19 20 21 24 25 26 27 28 29 30 31 33 35
330 0 1 2 3 4 5 6 9 11 14 16 17 18 20 21 22 23 24 25 26 28 29 30 31 32 33 34 36 37 38 40 41 42 43 44 45 46 47
331 0 1 3 4 5 7 8 9 10 11 13 14 15 17 18 19 20 21 22 23 26 28 29 31 32 33 36 37 39 40 41 42 43 44 45 46 47 48 49 50 52 53 54 55 56 57 58 59 60 61 62 64 65 67 68 69 70 72 73 74 75 76 77 78 79 81
332 0 4 6 7 8 9 11 12 13 14 15 17 18 19 21 22 24 25 26 27 28 29 31 32 33 34 35 37 38 39 41 42 43 44 46 47 48 49 50 51 52 53 54 55 56 57 58 60
333 0 1 2 3 4 5 6 9 10 12 13 14 15 19 20 21 23 24 25 27 28 29 30 31 32 33 35 36 37 38 39 40 41 42 43 44
334 0 3 4 5 6 7 8 10 11 12 13 14 15 16 17
335 1 2 4 5 6 7 8 10 11 12 13 15
336 0 2 3 4 5 6 7 8 10 11 12 13 14 15 16 18
337 0 3 4 5 6 7 8 11 12 13 15 16 17 19 20 21 22 23 24 25
338 0 1 2 4 5 6 7 8 9 10 11 13 15 17 18 19 20 21 22 24 25 26 27 28 29 30 31 33 34 36 37 38 39 40 41 42 43 44 45 46 47 48 49 50 51 52 53 56 57 60 61 62 64 65 67 68 69 70 71 72 73 74 75 77 78 79 83 84 85 86 87 89 90 91 92 93 94 96 97 98 99 100 101 102 103 104 105 107 108 109 110 111 112 113 115 116 117 119 120 121 122 123 126 129 130 131 133 135 136
339 0 2 3 4 5 6 8 9 10 12 13 15 17 18 19 20 21 22 23
340 0 2 3 4 5 7 8
341 0 1 2 4 5 6 7 8 9 10 13 14 15 16 17 19 20 21 22 23 24 26 27 28 29 30 32 33 34 36 37 38 39 41 42 43 45 47 48 49 50 51 52 53 54 55 56 58 59 60 61 62 63 64 67 68 69 71 72 73 75
342 0 1 2 3 4 5 6 7 8 9 10 12 13 17 18 19 20 21 22 24 25 26 27 28 30 32 33 34 35 36 37 38 39 41
343 0 1 2 3 4 5 7 8
344 0 2 3 4 5 6 8 9 10 12 13 15 17 18 19 20 21 22 23
345 1 4 5 6 8 10 11 12 13 14 15 16 19 20 21 23 24 25 26 27 28 29 30 31 32 34 36 37 39 40 41 42 43 44 45 46 47 48 49 50 51 53 54 55 56 57 58 59 61 63 64 65 68 69 70 71 72 73 74 75 76 77 78 80 81 82 85 86 87 88 89 90 92 93 94 95 96 97 98 99 100 101 102 103 104 105 106 107 108 110 111 112 113 114 115 116 118 119 120 122 123 124 125 126 128 131 132 133 135 137 138
346 1 2 3 6 7 8 10 11 12 13 14 15 16 17 18 20 21 22 23 25 26 28 30 32 33 34 35 36 37 38 39 40 41 42 44 45 46 47 48 49 50 51 52 53 54 56 57 58 59 60 61 62 64 66 67 69 70 71 72 74 75 76 78 79 80 81 82 84
347 1 2 3 4 6 7 8 9 10
348 0 2 3 4 5 7 8
349 0 2 3 4 5 7 8
350 0 3 4 5 6 7 8 10 11 12 13 14 16 17
351 1 2 3 4 5 6 7 8 9 10 12 13 14 15 16 17 19 20 21 22 23 25 26 27 28 29 32 33 34 35 36 37 38 39 40 41 46 47 49 50 51 52 53 54 55 56 57 58 59 60 61 62 63 64 65 66 67 68 69 70 71 72 73 75 76 78 81 83 84 85 86 87 88 89 91 92 93 94 98 99 100 101 102 103 104 105 106 108 109 110 111 112 113 114 115 116 117 119 120 121 122 123 125 126 128 130 131 132 133 135 137 139 140 141 142 143 144 145 146 148 150 151 152 154 155 156 157 159 160 161 163 164 165 166 167 169
352 1 3 4 5 7 8 9 10 11 12
353 0 1 2 3 4 5 7 9
354 0 2 3 4 5 7 8
355 0 1 2 3 4 5 7 9
356 1 3 4 5 7 8 9 10 11 12
357 0 3 4 5 6 7 8 10 11 12 13 14 15 16 17
358 0 2 3 4 5 7 8
359 0 1 2 3 4 5 7 8
360 0 1 4 5 6 8 9 10 11 12 13 14 15 16 17 19
361 0 1 3 4 5 6 7 8 9 10 13 14 16 17 18 20 21 22 23 24 25 26 27 29 31 32 34 35 36 37 38 39 42 43 44 45 46 47 48 49 50 52 53 54 55 56 58 59 60 61 62 63 64 65 67 69 71
362 0 1 2 3 4 5 7 9 10 11 12 13 14 15 16 17 18 20 21 22 25 26 27 28 30 31 32 33 35 36 37 38 39 41 42 43 44 45 46 48 49 50 52 53 54 55 57 58 60 61 62 63 64 65 67 69 70 72 73 74 75 77 78 79 81 82 83 84 85 86 87
363 0 1 2 3 4 5 7 9
364 0 2 4 5 6 8 9 10 11 12 13
365 1 2 4 5 6 7 8 10 11 12 13 15
366 0 1 2 3 7 8 9 12 13 14 15 17 18 19 20 21 22 23 24 25 26 27 28 29 31
367 1 2 3 4 6 7 8 9 10
368 0 1 2 3 5 6 9 10 11 12 13 14 16 17 18 19 20 21
369 0 1 2 3 4 5 6 8 9 11 13 14 15 18 19 20 21 22 23 24 26 27 28 29 31 33 34 35 36 37 38 39 40 41 42
370 0 3 4 5 6 7 8 10 11 12 13 14 16 17
371 0 2 3 4 5 6 7 8 10 11 12 13 14 15 16 18
372 0 1 2 3 4 5 7 9
373 1 3 4 5 7 8 9 10 11 12
374 1 3 4 5 7 8 9 10 11 12
375 0 1 2 3 4 6 7 8 10 11 15 16 17 18 19 20 21 22 23 24 25 27 28 29 30 31 32 33 34 36
376 0 2 3 4 5 6 7 8 10 11 12 13 14 15 16 18
377 0 1 2 4 5 8 9 10 11 13 14 15 17 18 20 21 22 23 25 27 28 29 33 34 35 36 37 38 39 42 43 44 45 46 47 48 49 50 51 52 53 54 55 56 57 58 59 60 61 62 64 65 66 68 70 71 72 73 74 75 76 77 78 79 81 82 83 86 87 88 89 91 92 93 94 95 96 97 98 99 100 101 102 103 104 105 106 107 108 109 111 112 113 114 115 116 117 119 120 121 123 124 125 126 127 129 132 133 134 136 138 140
378 0 1 3 4
379 0 1 2 3 4 5 7 8
380 0 1 2 3 4 5 6 8 9 11 13 15 16 17 18 19 20 22 23 24 25 27 28 29 31 32 33 34 35 36 37 38 40
381 0 1 2 3 4 5 7 8
382 0 1 2 3 5 6 7 8 9 10 11 12 13 14 15 16 17 18 20 21 22 25 26 27 28 29 30 32 33 34 35 36 37 38 39 42 43 45 46 47 49 50 51 52 53 55 57 58 59 61 62 63 65 67 69 70 71 72 73 74 75 76 78 79 81 82 84 85 86 87 90 91 92 93 94 95 97 98 99 100 101 102
383 0 3 4 5 6 7 8 11 12 13 15 16 17 19 20 21 22 23 24 25
384 0 1 2 3 4 6 7 8 10 11 15 16 17 18 19 20 21 22 23 24 25 27 28 29 30 31 32 33 34 36
385 1 2 3 4 5 6 7 8 9 10 11 13 15 17 18 19 20 23 24 25 26 27 28 29 30 32 33
386 1 2 3 5 6 7 8 9 10 11 12 14 16 17 18 19 20 24 25 26 27 28 29 30 31 32 33 34 36 39 40 41 42 43 45 46 47 48 49 50 51 52 53 54 55 56 57 58 59 61 62 63 65 67 68
387 1 2 4 5 6 7 8 10 11 12 13 15
388 0 1 3 4 5 7 9 11 12 14 15 17 18 19 20 21 22 24 25 26 27 28 29 30 31 32 33 34 35 37 38 39 40 41 42 43 45 46 47 48 50 51 52 53 54 55 56 57 58 60 61 63 64 65 66 68 69 71 72 74 75 76 77 79 80 81 83 84 86 87 88 89 90
389 1 2 3 4 6 7 8 9 10
390 1 2 3 4 6 7 8 9 10
391 0 1 2 3 4 5 7 9
392 0 1 2 3 4 5 7 9
393 0 1 2 3 5 6 7 9 10 11 12 13 14 16 17 18 20
394 0 1 2 3 4 6 7 8 9 10 11 15 16 17 18 19 20 21 22 23 24 25 27 28 29 30 31 33 34 35 37
395 1 2 3 4 6 7 8 9 10
396 1 2 3 4 5 6 7 8 9 10 11 13 15 17 18 19 20 23 24 25 26 27 28 29 30 32 33
397 0 1 2 3 4 6 7 8 10 11 12 15 16 18 19 20 21 22 23 24
398 0 3 4 5 6 7 8 10 11 12 13 14 15 16 17
399 0 1 2 3 4 5 7 9
400 0 1 2 3 4 5 7 9
401 0 1 2 3 5 6 9 10 11 12 13 14 16 17 18 19 20 21
402 0 1 2 3 4 5 6 7 9 10 12 13 14 15 19 20 21 23 24 25 27 28 29 30 31 32 33 35 36 37 39 40 41 42 43 44 45
403 1 2 4 5 6 7 8 10 11 12 13 15
404 0 3 4 5 6 7 8 11 12 13 15 16 17 19 20 21 22 23 24 25
405 0 1 2 3 4 5 6 8 9 12 14 15 16 17 18 19 20 21 24 25 26 27 28 29 30 31 33 34
406 0 2 3 4 5 6 8 9 10 12 13 15 17 18 19 20 21 22 23
407 0 1 2 3 4 5 7 8
408 0 1 2 3 4 5 6 8 9 11 13 15 16 17 18 19 20 22 23 24 25 27 28 29 31 32 33 34 35 36 37 38 40
409 0 1 2 4 5 6 8 9 10 11 12 14
410 0 2 3 4 5 7 8
411 0 2 3 6 7 8 9 10 11 14 15 16 17 18 20 21 22 23 24 25 26 27
412 1 2 3 4 6 7 8 9 10
413 0 3 4 5 6 7 8 10 11 12 13 14 15 16 17
414 0 1 2 3 4 5 7 8
415 0 1 2 3 4 5 6 8 9 11 13 14 15 18 19 20 21 22 23 24 26 27 28 29 31 33 34 35 36 37 38 39 40 41 42
416 0 1 2 3 4 5 6 9 11 14 16 17 18 20 21 22 23 24 25 26 28 29 30 31 32 33 34 36 37 38 40 41 42 43 44 45 46 47
417 0 1 2 3 4 5 7 8
418 0 2 3 4 5 7 8
419 0 1 2 3 4 7 8 9 10 12 13 15 16 18 19 20 21 22 23 24 26 27 28 29 30 32 33 34 35 37 38 40 41 42 43 46 47 49 50 51 52 53 55 57 58 59 60 61 63 64 65 68 69 70 71 72 73 74 75 76 77 78 79 80 81 82 83 84 86 87 88 90 91 92 93 95 96 97 99 100 101 102 104 105 106 109 110 111 112 113 115 116 117 119 120 121 122 123 124 125 126 127 128 129 130 131 132 133 134 135 136 137 138 139 141 143 144 145 146 148 150 152 153 154 155 156 157 158 159 161 162 163 164 165 167 168 169 170 172 173 174 176 177 179 180 181 182 183
420 0 1 2 3 7 8 9 12 13 14 15 17 18 19 20 21 22 23 24 25 26 27 28 29 31
421 0 2 3 4 5 7 8
422 0 1 2 3 4 6 7 8 10 11 13 14 15 18 21 22 23 26 27 28 29 30 31 32 33 34 35 37 38 39 40 42 43 44 45 46 47 48 49 50 51 52 53 54
423 1 2 3 4 6 7 8 9 10
424 0 1 2 3 4 5 6 8 9 12 14 15 16 17 18 19 20 21 24 25 26 27 28 29 30 31 33 34
425 0 1 2 3 5 6 7 8 9 10 12 14 15 16 17 18 19 20 21 22 23 24 25 26 28 29 31 32 34 35 36 38
426 0 1 2 3 7 9 10 11 12 14 15 16 17 18 19 20 22 23 24 25 26 27 28 30
427 0 1 2 3 5 6 7 9 10 11 12 13 14 16 17 18 20
428 0 4 6 7 8 9 10 11 12 13 14 15 17 18 19 21 22 24 25 26 27 28 29 31 32 33 34 35 37 38 39 41 42 43 44 46 47 48 49 50 51 52 53 54 55 56 57 59 61
429 0 1 4 5 6 8 9 10 11 12 13 14 15 16 17 19
430 1 3 4 5 6 8 9 10 11 12 14 15 16 17 20 21 23 24 25 26 27 28 29 30 31 32 33 34 37 38 40 41 42 43 45 46 47 48 49 50 51 52 53 54 55 56 57 59
431 0 2 3 6 7 8 9 10 11 12 14 15 16 17 18 19 21 22 23 24 25 26 27 29
432 0 1 2 3 4 7 8 9 10 11 12 13 14 15 18 19 20 22 23 24 25 26 27 28 29 32 33 34 35 36 37 39 41 42 44 45 46 48 49 50 51 53 54 55 56 57 58 59 60 61 63 64 65 66 67 68 69 71 72 74 75 77 78 79 80 82 83 84 86 87 89 90 91 92 93 94
433 0 1 2 3 5 6 7 8 9 10 11 12 13 14 15 16 17 18 20 21 22 25 26 27 28 29 30 32 33 34 35 36 37 38 39 42 43 45 46 47 49 50 51 52 53 55 57 58 59 61 62 63 65 67 69 70 71 72 73 74 75 76 78 79 81 82 84 85 86 87 90 91 92 93 94 95 97 98 99 100 101 102
434 0 1 4 5 6 8 9 10 11 12 13 14 15 16 17 19
435 0 1 2 3 4 6 7 8 10 11 13 14 15 18 21 22 23 26 27 28 29 30 31 32 33 34 35 37 38 39 40 42 43 44 45 46 47 48 49 50 51 52 53 55
436 0 1 2 3 4 5 7 8
437 1 3 4 5 7 8 9 10 11 12
438 1 3 4 5 7 8 9 10 11 12
439 0 2 4 5 6 8 9 10 11 12 13
440 2 3 4 6 7 8 10 12 13 14 15 16 18 19 20 21 22 23 24 25 26 27 28 31 32 33 34 35 36 37 38 39 40 41 44 45 46 47 48 49 50 51 52 53 54 55 57 58 59 60 61 62 63 64 65 67 68 70 71 72 74 76 77 78 79 80 82 84 85 87 88 89 90 91 92 93 94 95 96 98 99 101 103 104 105 106 108 109 110 111 112 114 115 116 117 118 119 121 122 123 124 125 126 127 128 129 130 131 132 134 135 136 137 139 140 141 142 145 146 147 149 150 151 153
441 0 3 4 5 6 7 8 11 12 13 15 16 17 19 20 21 22 23 24 25
442 0 1 3 4 5 7 8 9 10 12 13 14 16 17 18 19 21 23 24 25 26 28 29 30 31 32 33 35 37 38 39 40 41 42 43 44 45 46 47 49 50 51 52 53 54 56 57 58 60 61 62 63 64 65 66 68 69 70 71 73 74 75 77
443 0 1 2 4 5 6 8 9 10 11 12 14
444 3 4 5 7 8 9 10 11 12 13 14 15 16
445 1 2 3 4 6 7 8 9 10
446 0 1 2 4 5 6 8 9 10 11 12 14
447 0 1 2 3 4 5 7 9 10 11 12 13 14 15 16 17 18 20 21 22 25 26 27 28 30 31 32 33 35 36 37 38 39 41 42 43 44 45 46 48 49 50 52 53 54 55 57 58 60 61 62 63 64 65 67 69 70 72 73 74 75 77 78 79 81 82 83 84 85 86 87
448 0 1 4 5 6 8 9 10 11 12 13 14 15 16 17 19
449 0 2 4 5 6 8 9 10 11 12 13
450 0 2 3 6 7 8 9 10 11 14 15 16 17 18 20 21 22 23 24 25 26 27
451 0 1 2 3 4 6 7 8 10 11 13 14 15 18 21 22 23 26 27 28 29 30 31 32 33 34 35 37 38 39 40 42 43 44 45 46 47 48 49 50 51 52 53 54
452 1 3 4 5 7 8 9 10 11 12
453 0 1 2 4 5 7 8 9 12 14 15 16 17 18 19 20 21 22 23 24 25 27 28 29 30 31 33 34 35 36 37 38 39 40 42 43 45 46 47 48 49 50 51 52 53 54 55 57 59 60 61 62 63 65 67 68 70 71 72 73 75 76 77 79 80 81 82 83 85
454 1 2 3 4 5 6 7 8 9 11 13 15 17 18 20 22 23 24 25 26 27 28 29 30 31 32
455 1 2 3 4 5 6 7 8 9 11 13 15 17 18 20 22 23 24 25 26 27 28 29 30 31 32
456 0 1 2 3 4 5 7 8
457 0 1 2 3 4 5 7 8
458 0 1 2 3 4 5 7 9
459 0 3 4 5 7 8 9 10 12 15 16 17 18 20 21 22 23 24 26 27 28 29 30 31 33 34 35 36 37 38 40 41 43 44 45 46 47 48 49 50 51 52 53 55 56 57 58 59 60 61 62 63 65 66 68 69 70 71 73 74 75 76 77 78 79 80 82
460 0 1 2 4 5 6 8 9 10 11 12 14
461 0 1 2 3 4 5 6 9 11 14 16 17 18 20 21 22 23 24 25 26 28 29 30 31 32 33 34 36 37 38 40 41 42 43 44 45 46 47
462 0 1 2 3 4 5 6 7 8 9 10 12 13 17 18 19 20 21 22 24 25 26 27 28 30 32 33 34 35 36 37 38 39 41
463 0 2 3 5 6 7 9 10 11 12 14 15 17 18 19 20 22 23 24 25 27 28 29 31 32 33 35 36 38 39 43 44 46 47 48 49 50 51 52 53 54 56 57 58 59 60 61 62 64 65 67 68 69 70 71 72 73 74 76 77 78 79 81 82 83 84 85 86 91 93 94 95 96 98 99 100 101 102 103 105 106 107 109 110 111 112 113 114 115 116 117 118 119 120 121 122 123 124 125 127 128 129 130 131 132 134 136 137 138 139 140 141 142 143 144 145 146 149 151 152 154 155 156 157 158 159 160 161 162 163 164 165 166 167 168 170 172 173 174 175 176 178 179 180 181 183 185 186 187 188 189 190 191 192 193 195 196 198 199 200 202 203 204 205 208 209 210 211 212 213 214 215 216 217 218 219 220 222
464 1 4 5 6 8 10 11 12 13 14 15 16 19 20 21 23 24 25 26 27 28 29 30 31 32 34 36 37 38 39 40 41 42 43 44 45 46 47 48 49 50 51 53 54 55 56 57 58 59 61 63 64 65 68 69 70 71 72 73 74 75 76 77 78 80 81 82 85 86 87 88 89 90 92 93 94 95 96 97 98 99 100 101 102 103 104 105 106 107 108 110 111 112 113 114 115 116 118 119 120 122 123 124 125 126 128 131 132 133 135 137 139
465 0 1 2 3 4 5 7 8 9 10 11 12 16 17 18 21 22 24 25 26 27 28 30 31 33 34 35 36 38 39 40 41 42 43 45 46 47 48 49 50
466 1 2 3 4 6 7 8 9 10
467 0 2 3 4 5 6 8 9 10 12 13 15 17 18 19 20 21 22 23
468 0 2 3 4 5 6 7 8 9 10 11 13 15 17 18 19 20 21 22 23 24 26 27 28 30 31 32 33 35 36 37 39
469 0 1 2 3 4 5 7 8
470 0 2 3 4 5 7 8
471 0 2 3 4 5 7 8
472 1 2 4 5 6 7 8 10 11 12 13 15
473 0 1 2 3 5 6 7 9 10 11 12 13 14 16 17 18 20
474 0 1 2 4 5 6 8 9 10 11 12 14
475 0 1 2 3 4 5 6 7 8 9 13 14 16 17 18 19 20 21 22 23 25 27 28 29 30 31 32 33 34 35 37 38 40 41 42 43 44 45 46 48 49 50 52 54 56 57 58 59 61 62 64 65 66 68 69 70 71 72 74 76 78 79 80 81 82 83 84 85 86 88 89 91 92 94 95 96 97 99 100 101 102 103 104 105 106 107 108 109 110 111 113
476 0 1 2 3 4 6 7 8 10 11 15 16 17 18 19 20 21 22 23 24 25 27 28 29 30 31 32 34 36
477 0 2 3 4 5 6 7 8 9 10 11 13 15 17 18 19 20 21 22 23 24 26 27 28 30 31 32 33 35 36 37 39
478 0 1 2 3 4 5 6 8 9 12 14 15 16 17 18 19 20 21 24 25 26 27 28 29 30 31 33 34
479 0 2 3 4 5 7 8
480 0 1 2 3 4 6 7 8 10 11 12 15 16 18 19 20 21 22 23 24
481 0 1 3 4 5 7 8 9 10 11 13 14 15 17 18 19 20 21 22 23 26 28 29 31 32 33 36 37 39 40 41 42 43 44 45 46 47 48 49 50 52 53 54 55 56 57 58 59 60 61 62 64 65 67 68 69 70 72 73 74 75 76 77 78 79 81
482 0 1 2 3 4 5 6 8 9 12 14 15 16 17 18 19 20 21 24 25 26 27 28 29 30 31 33 34
483 0 2 3 4 5 7 8
484 0 1 2 3 4 5 7 8
485 0 1 2 3 4 5 6 7 8 9 10 11 13 14 15 16 17 21 22 24 27 28 29 30 31 33 34 35 36 38 39 40 42 43 44 45 46 47 48 49 50 51 52 53 54 56 57 58 59 61 62 63 64 65 66 67 68 70 71 72 75 76 77 78 80 81 83 85 86 87 88 89 90 91 92 93 95 96 98 99 101 102 103 104 107 108 109 110 111 112 113 114 115 116 117 118 120 122
486 1 2 3 4 6 7 8 9 10
487 0 1 2 3 4 6 9 10 12 14 17 18 19 21 22 23 24 25 27 28 30 31 32 33 34 36 37 38 39 40 41 42 43 45 46 47 48 49 50 51 53 54 55 56 57 58 59 60 61 62 64 65
488 0 1 2 3 4 5 7 8
489 0 1 2 3 5 6 9 10 11 12 13 14 16 17 18 19 20 21
490 1 3 4 5 7 8 9 10 11 12
491 0 1 2 3 4 5 7 8
492 0 2 3 4 5 6 7 8 10 11 12 13 14 15 16 18
493 1 3 4 5 7 8 9 10 11 12
494 0 2 3 4 5 6 7 8 10 11 12 13 14 15 16 18
495 0 3 4 5 6 7 8 10 11 12 13 14 16 17
496 0 1 2 3 4 5 7 8
497 0 2 3 4 5 7 8
498 0 1 2 3 4 5 7 8
499 1 3 4 5 6 8 9 10 11 12 14 15 16 17 20 21 23 24 25 26 27 28 29 30 31 32 33 34 37 38 40 41 42 43 45 46 47 48 49 50 51 52 53 54 55 56 57 59
500 0 2 3 4 5 6 8 9 10 12 13 15 17 18 19 20 21 22 23
501 0 2 4 5 6 8 9 10 11 12 13
502 0 1 2 3 5 6 7 9 10 11 12 13 14 16 17 18 20
503 0 1 2 3 5 6 7 8 9 10 12 14 15 16 17 18 19 20 21 22 23 24 25 26 28 29 31 32 34 35 36 38
504 1 2 3 5 6 7 8 9 10 11 12 14 16 17 18 19 20 24 25 26 28 29 30 31 32 33 34 36 39 40 41 42 43 45 46 47 48 49 50 51 52 53 54 55 56 57 58 59 61 62 63 64 66 67
505 0 1 2 3 5 6 9 10 11 12 13 14 16 17 18 19 20 21
506 0 1 2 3 4 6 7 8 10 11 13 14 15 18 21 22 23 26 27 28 29 30 31 32 33 34 35 37 38 39 40 42 43 44 45 46 47 48 49 50 51 52 53 55
507 0 1 2 4 5 6 8 9 10 11 12 14
508 0 3 4 5 6 7 8 10 11 12 13 14 16 17
509 0 1 2 3 4 5 6 8 9 12 14 15 16 17 18 19 20 21 24 25 26 27 28 29 30 31 33 35
510 1 2 3 4 5 6 7 8 9 10 11 13 15 17 18 19 20 23 24 25 26 27 28 29 30 32 33
511 0 1 2 3 4 6 7 8 10 11 15 16 17 18 19 20 21 22 23 24 25 27 28 29 30 31 32 34 36
512 1 2 3 4 5 6 7 8 9 10 11 13 15 17 18 19 20 23 24 25 26 27 28 29 30 32 33
513 0 4 6 7 8 9 10 11 12 13 14 15 17 18 19 21 22 24 25 26 27 28 29 31 32 33 34 35 37 38 39 41 42 43 44 46 47 48 49 50 51 52 53 54 55 56 57 59 61
514 0 1 2 4 5 6 8 9 10 11 12 14
515 0 1 3 4 6 7 8 9 11 13 14 15 16 18 20 21 25 26 29 30 32 33 34 35 36 37 38 39 40 41 42 43 44 45 46 47 48 49 50 52 53 54 55 56 57 58 59 60 61 62 63 64
516 0 1 2 3 4 5 6 8 9 11 13 14 15 18 19 20 21 22 23 24 26 27 28 29 31 33 34 35 36 37 38 39 40 41 42
517 0 1 2 3 4 5 6 9 10 12 13 14 15 19 20 21 23 24 25 27 28 29 30 31 32 33 35 36 37 38 39 40 41 42 43 44
518 3 4 5 7 8 9 10 11 12 13 14 15 16
519 0 2 3 4 5 6 8 9 10 12 13 15 17 18 19 20 21 22 23
520 0 1 2 3 5 6 9 10 11 12 13 14 16 17 18 19 20 21
521 3 4 5 7 8 9 10 11 12 13 14 15 16
522 0 2 3 4 5 7 8
523 1 3 4 5 7 8 9 10 11 12
524 0 2 3 4 5 6 7 8 10 11 12 13 14 15 16 18
525 1 2 4 5 6 7 9 10 11 12 13 14 15 18 19 21 22 23 26 27 28 29 30 31 33 34 35 36 38 39 40 41 43 44 45 46 47 48 49 50 51 52 53 54 56
526 0 1 2 3 4 5 7 9
527 0 1 2 3 5 6 7 8 9 10 12 14 15 16 17 18 19 20 21 22 23 24 25 26 28 29 31 32 34 35 36 38
528 0 3 4 5 6 7 8 10 11 12 13 14 16 17
529 1 2 3 4 5 6 7 8 9 11 13 15 17 18 20 22 23 24 25 26 27 28 29 30 31 32
530 0 1 2 4 5 6 8 9 10 11 12 14
531 0 1 2 3 7 8 9 12 13 14 15 17 18 19 20 21 22 23 24 25 26 27 28 29 31
532 0 1 2 3 4 5 7 9
533 3 4 5 7 8 9 10 11 12 13 14 15 16
534 0 1 2 4 5 6 8 9 10 11 12 14
535 0 1 2 3 4 5 6 8 9 12 14 15 16 17 18 19 20 21 24 25 26 27 28 29 30 31 33 35
536 0 1 4 5 6 8 9 10 11 12 13 14 15 16 17 19
537 0 1 2 3 4 5 6 9 11 14 16 17 18 20 21 22 23 24 25 26 28 29 30 31 32 33 34 36 37 38 39 40 41 43 44 45 46 47 48
538 1 2 3 4 6 7 8 9 10
539 0 1 2 3 5 6 7 9 10 11 12 13 14 16 17 18 20
540 0 1 2 3 4 6 7 8 9 10 11 15 16 17 18 19 20 21 22 23 24 25 27 28 29 30 31 33 34 35 37
541 0 1 2 3 7 9 10 11 12 14 15 16 17 18 19 20 22 23 24 25 26 27 28 30
542 1 3 4 5 7 8 9 10 11 12
543 3 4 5 7 8 9 10 11 12 13 14 15 16
544 0 1 2 3 4 5 7 8
545 0 4 6 7 8 9 11 12 13 14 15 17 18 19 21 22 24 25 26 27 28 29 31 32 33 34 35 37 38 39 41 42 43 44 46 47 48 49 50 51 52 53 54 55 56 57 58 60
546 1 2 3 4 5 6 7 8 9 10 11 13 15 17 18 19 20 23 24 25 26 27 28 29 30 32 33
547 0 2 4 5 6 8 9 10 11 12 13
548 0 1 3 4 5 6 7 8 9 10 13 14 16 17 18 20 21 22 23 24 25 26 27 29 31 32 34 35 36 37 38 39 42 43 44 45 46 47 48 49 50 52 53 54 55 56 58 59 60 61 62 63 64 65 67 69 71
549 0 1 2 3 4 5 6 9 11 14 16 17 18 20 21 22 23 24 25 26 28 29 30 31 32 33 34 36 37 38 39 40 41 43 44 45 46 47 48
550 0 1 2 3 4 6 7 8 9 10 11 15 16 17 18 19 20 21 22 23 24 25 27 28 29 30 31 33 34 35 37
551 0 3 4 5 6 7 8 11 12 13 15 16 17 19 20 21 22 23 24 25
552 0 1 2 3 4 5 6 8 9 12 14 15 16 17 18 19 20 21 24 25 26 27 28 29 30 31 33 35
553 1 2 4 5 6 7 8 10 11 12 13 15
554 0 2 3 4 5 6 7 8 9 11 12 13 14 15 18 19 20 21 22 24 25 27 28 29 30 31 32 33 34 35 37 39 40 41 42 44 45 46 47 48 49 51 52 53 54 56 57 58 60 61 63 64 65 66 67 68 69 72 73 74 75 77 79 81 82 83 84 85 86 87 88 89 91 92 94 95 97 98 99 100 103 104 105 106 107 108 109 110 111 112 113 114 115 117
555 0 1 4 5 6 8 9 10 11 12 13 14 15 16 17 19
556 1 2 3 4 5 6 7 8 9 11 13 15 17 18 20 22 23 24 25 26 27 28 29 30 31 32
557 1 2 3 4 6 7 8 9 10
558 0 3 4 5 6 7 8 10 11 12 13 14 15 16 17
559 0 1 2 3 4 5 7 8 9 10 11 15 18 20 21 22 23 24 25 26 28 29 30 31 33 34 36 37 38 39 41 42 43 44 45 46 47 48 49 50 51 52 53
560 0 1 3 4 5 6 7 8 9 10 11 15 16 19 20 21 22 23 24 25 26 27 29 30 31 33 34 35 36 37 38 41 42 43 44 45 46 47 48 49 50 51 52 53 54 56 57 58 59 60 61 63 64 66 68 70
561 0 1 2 3 4 5 7 9
562 0 1 2 3 5 6 7 9 10 11 12 13 14 16 17 18 20
563 1 3 4 5 7 8 9 10 11 12
564 1 2 4 5 6 7 9 10 11 12 13 14 15 18 19 21 22 23 26 27 28 29 30 31 33 34 35 36 38 39 40 41 43 44 45 46 47 48 49 50 51 52 53 54 56
565 0 1 2 3 5 6 7 9 10 11 12 13 14 16 17 18 20
566 0 2 4 5 6 8 9 10 11 12 13
567 0 1 2 3 4 5 7 8
568 0 1 2 3 5 6 9 10 11 12 13 14 16 17 18 19 20 21
569 0 2 3 6 7 8 9 10 11 12 14 15 16 17 18 20 21 22 23 24 25 26 28
570 0 2 3 6 7 8 9 10 11 14 15 16 17 18 20 21 22 23 24 25 26
571 0 2 4 5 6 8 9 10 11 12 13
572 0 1 2 3 4 5 7 9
573 0 1 2 3 4 5 7 9
574 0 1 2 3 4 5 7 8
575 0 2 3 4 5 6 7 8 10 11 12 13 14 15 16 18
576 0 1 2 3 4 5 7 8
577 1 2 4 5 6 7 8 10 11 12 13 15
578 0 2 4 5 6 8 9 10 11 12 13
579 0 3 4 5 6 7 8 10 11 12 13 14 15 16 17
580 1 2 3 4 6 7 8 9 10
581 0 1 2 3 5 6 7 8 11 12 13 15 18 19 20 22 23 24 25 26 27 28 29 30 32 33 35 36 37 38 40 41 42 43 44 45 47 48 49 50 51 52
582 0 2 3 4 5 6 8 9 10 12 13 15 17 18 19 20 21 22 23
583 0 1 3 4 5 7 8 9 10 12 13 14 16 17 18 19 21 23 24 25 26 28 29 30 31 32 33 35 37 38 39 40 41 42 43 44 45 46 47 49 50 51 52 53 54 56 57 58 60 61 62 63 64 65 66 68 69 70 71 73 74 75 77
584 0 1 3 4 5 7 11 12 13 14 15 16 17 18 19 20 21 24 25 26 28 30 31 32 33 34 35 37 38 39 40 41 42 43 44 45 46 47 48 50 51 52 53 54 55 56 57 58 59 60 62 63 65 66 67 68 70 71 72 73 75 76 77 79
585 0 1 2 3 7 8 9 12 13 14 15 17 18 19 20 21 22 23 24 25 26 27 28 29 31
586 0 1 2 4 5 6 8 9 10 11 12 14
587 0 2 4 5 6 8 9 10 11 12 13
588 0 1 2 3 4 6 9 10 12 14 17 18 19 21 22 23 24 25 27 28 30 31 32 33 34 36 37 38 39 40 41 42 43 45 46 47 48 49 50 51 53 54 55 56 57 58 59 60 61 62 64 65
589 0 3 4 5 6 7 8 11 12 13 15 16 17 19 20 21 22 23 24 25
590 0 2 3 6 7 8 9 10 11 14 15 16 17 18 20 21 22 23 24 25 26
591 1 2 4 5 6 7 8 10 11 12 13 15
592 0 1 2 3 6 7 8 10 13 14 15 17 18 20 22 23 24 25 26 27 30 31 32 33 34 35 36 38 40 41 42 43 44 45 46 47 48 49 51 52 53 54 55 56 58 59 60 61 62 63 64 65 66 67 69 71 72 73 74 75 76 77 78 79 80 82 83 84 85 86 88 89 90 91 93 94 95 96 98 99 100 102 103 104 105 106 107 109 110 112 113 114 115 116 118 120 122 123 124 126 127 128 130 131 132 133 134 135 136 137 138 139 140 141 142 143 145 147 148 149 150 152 154 156 157 158 159 160 161 162 163 165 166 167 168 169 171 172 173 174 176 177 178 180 181 183 184 185 186 187 188
593 0 1 2 3 7 8 9 12 13 14 15 17 18 19 20 21 22 23 24 25 26 27 28 29 31
594 3 4 5 7 8 9 10 11 12 13 14 15 16
595 1 3 4 5 7 8 9 10 11 12
596 0 3 4 5 6 7 8 10 11 12 13 14 15 16 17
597 0 1 2 3 4 5 7 9
598 0 1 2 3 4 5 6 7 8 9 10 11 12 13 14 15 19 20 22 24 25 26 27 29 30 31 33 34 35 36 37 38 40 41 42 43 44 45 46 47 48 49 50 51 52 54 56 57 59 61 63 64 65 66 67 68 69 70 73 74 75 76 77 79 80 82 84 85 86 87 88 89 90 91 92 94 95 97 98 100 101 102 103 106 107 108 109 110 111 112 113 114 115 116 117 119 121
599 0 1 2 3 4 6 7 8 9 10 11 15 16 17 18 19 20 21 22 23 24 25 27 28 29 30 31 33 34 35 37
600 1 2 3 4 6 7 8 9 10
601 0 1 2 3 4 5 7 9
602 0 1 3 4 5 6 7 8 9 10 11 12 13 14 15 16 17 18 19 20 21 22 25 26 27 28 29 30 31 32 33 35 36 38 39 40 41 44 46 47 48 49 50 51 52 53 54 56 57 58 59 60 62 65 66 67 69 71 73
603 0 1 2 3 4 5 6 7 8 9 10 12 13 17 18 19 20 21 22 24 25 26 27 28 30 32 33 34 35 36 37 38 39 41
604 0 1 3 4 5 6 7 9 10 12 14 15 16 17 18 20 21 22 23 24 25 26 27 28 29 30 31 32 33 35 36 37 38 40 41 42 43 45 46 47 49 51 53 54 56 58 59 60 61 62 63 64 66 67 68 69 70 72 74 76 77 78 79 80 81 82 83 85 86 88 89 91 92 93 94 97 98 99 100 101 102 103 104 105 106 107 108 110
605 0 1 2 3 7 8 9 12 13 14 15 17 18 19 20 21 22 23 24 25 26 27 28 29 31
606 0 3 4 5 6 7 8 10 11 12 13 14 15 16 17
607 0 1 2 3 4 5 6 7 8 9 10 11 12 13 14 15 19 20 22 24 25 26 27 29 30 31 33 34 35 36 37 38 40 41 42 43 44 45 46 47 48 49 50 51 52 54 56 57 59 61 63 64 65 66 67 68 69 70 73 74 75 76 77 79 80 82 84 85 86 87 88 89 90 91 92 94 95 97 98 100 101 102 103 106 107 108 109 110 111 112 113 114 115 116 117 119 121
608 0 3 4 5 6 7 8 10 11 12 13 14 15 16 17
609 1 2 4 5 6 7 8 10 11 12 13 15
610 1 2 4 7 8 9 10 11 12 13 14 15 18 20 21 23 25 26 28 29 30 31 32 33 34 37 38 39 40 41 42 43 44 45 46 47 48 49 50 51 52 54 55 56 57 58 59 60 61 62 63 65 66
611 0 1 2 3 4 5 7 8 9 10 11 12 13 14 15 16 18 21 24 25 26 27 28 29 30 31 32 33 34 35 39 40 41 44 45 46 47 49 50 51 52 53 54 55 56 57 58 60 62 63 65 66 67 69 70 71 72 73 74 75 76 77 79 80 81 82 83 86 87 88 89 90 91 92 93 94 95 96 97 98 99 101 102 103 104 106 107 108 109 111 112 113 114 115 117 118 119 120 121 122 124 125 126 128 129 130 131 132 133 134 135 137 139 140 141 143 144 145 146 148 149 150 151 153 154 155 157
612 0 4 6 7 8 9 11 12 13 14 15 17 18 19 21 22 24 25 26 27 28 29 31 32 33 34 35 37 38 39 41 42 43 44 46 47 48 49 50 51 52 53 54 55 56 57 58 60
613 0 1 2 3 4 5 7 8
614 0 2 3 4 5 7 8
615 0 2 3 4 5 7 8
616 1 3 4 5 7 8 9 10 11 12
617 0 1 2 3 5 6 7 8 9 10 12 14 15 16 17 18 19 20 21 22 23 24 25 26 28 29 31 32 34 35 36 38
618 0 1 2 3 7 8 9 12 13 14 15 17 18 19 20 21 22 23 24 25 26 27 28 29 31
619 0 1 2 3 4 6 7 8 10 11 15 16 17 18 19 20 21 22 23 24 25 27 28 29 30 31 32 33 34 36
620 0 2 3 6 7 8 9 10 11 12 14 15 16 17 18 19 21 22 23 24 25 26 27 29
621 0 2 4 5 6 8 9 10 11 12 13
622 0 2 3 6 7 8 9 10 11 14 15 16 17 18 20 21 22 23 24 25 26
623 0 1 2 3 4 5 6 8 9 12 14 15 16 17 18 19 20 21 24 25 26 27 28 29 30 31 33 35
624 0 2 4 5 6 8 9 10 11 12 13
625 0 3 4 5 6 7 8 10 11 12 13 14 16 17
626 0 1 2 3 5 6 7 8 9 10 12 14 15 16 17 18 19 20 21 22 23 24 25 26 28 29 31 32 34 35 36 38
627 0 2 3 4 5 7 8
628 0 2 4 5 6 8 9 10 11 12 13
629 0 2 4 5 6 8 9 10 11 12 13
630 0 3 4 5 6 7 8 10 11 12 13 14 15 16 17
631 0 2 3 4 5 7 8
632 0 1 2 3 4 5 6 8 9 11 13 15 16 17 18 19 20 22 23 24 25 27 28 29 31 32 33 34 35 36 37 38 40
633 0 1 2 3 4 5 7 8
634 0 1 2 3 4 5 6 7 8 9 11 12 13 16 19 20 22 24 25 27 28 29 30 31 33 34 36 37 38 40 41 42 43 44 45 46 47 49 50 51 52 53 55 56 57 58 59 60 61 62 64 65 66 67 68 69 70 71 73 74 76 77 79 80 81 82 84 85 86 88 89 91 92 93 94 95 96
635 0 1 2 3 4 5 7 8
636 0 2 3 6 7 8 9 10 11 12 14 15 16 17 18 20 21 22 23 24 25 26 28
637 0 2 3 4 5 7 8
638 0 3 4 5 6 7 8 10 11 12 13 14 16 17
639 0 1 2 3 4 5 6 8 9 11 13 15 16 17 18 19 20 22 23 24 25 27 28 29 31 32 33 34 35 36 37 38 40
640 0 1 2 3 4 5 7 9
641 0 2 4 5 6 8 9 10 11 12 13
642 0 1 2 3 4 5 7 8
643 0 1 2 3 4 5 7 8
644 0 1 2 3 4 5 6 7 9 10 12 13 14 15 19 20 21 23 24 25 27 28 29 30 31 32 33 35 36 37 39 40 41 42 43 44 45
645 0 2 3 4 5 6 7 8 10 11 12 13 14 15 16 18
646 1 3 4 5 7 8 9 10 11 12
647 2 3 4 5 6 7 8 9 11 13 14 17 18 20 21 22 23 24 25 26 27 28 29 30 32 33 34 35 37 38 39 40 41 42 44 45 46 47 48 49
648 0 1 2 3 4 6 7 8 9 11 13 15 16 18 19 21 22 23 25 26 27 28 29 31 32 34 35 36 37 39 40 41 42 43 44 46 47 48 49 50 51
649 0 1 2 3 5 6 7 9 10 11 12 13 14 16 17 18 20
650 3 4 5 7 8 9 10 11 12 13 14 15 16
651 0 3 4 5 6 7 8 10 11 12 13 14 15 16 17
652 0 1 2 3 4 5 7 8
653 0 1 2 3 7 9 10 11 12 14 15 16 17 18 19 20 22 23 24 25 26 27 28 30
654 1 3 4 5 7 8 9 10 11 12
655 0 1 2 3 4 5 7 9
656 0 1 4 5 6 8 9 10 11 12 13 14 15 16 17 19
657 0 2 3 4 5 7 8
658 0 1 2 4 5 6 8 9 10 11 12 14
659 0 2 3 6 7 8 9 10 11 14 15 16 17 18 20 21 22 23 24 25 26 27
660 0 2 3 6 7 8 9 10 11 12 14 15 16 17 18 20 21 22 23 24 25 26 28
661 0 2 4 5 6 8 9 10 11 12 13
662 0 1 2 3 7 9 10 11 12 14 15 16 17 18 19 20 22 23 24 25 26 27 28 30
663 0 1 2 3 4 5 7 8
664 0 1 2 3 5 6 7 9 10 11 12 13 14 16 17 18 20
665 0 1 2 3 4 5 6 8 9 12 14 15 16 17 18 19 20 21 24 25 26 27 28 29 30 31 33 35
666 0 3 4 5 6 7 8 10 11 12 13 14 15 16 17
667 0 3 4 5 6 7 8 10 11 12 13 14 15 16 17
668 0 1 4 5 6 8 9 10 11 12 13 14 15 16 17 19
669 0 1 3 4 5 6 7 8 9 10 11 15 16 19 20 21 22 23 24 25 26 27 29 30 31 33 34 35 36 37 38 41 42 43 44 45 46 47 48 49 50 51 52 53 54 56 57 58 59 60 61 63 64 66 68 70
670 0 2 4 5 6 8 9 10 11 12 13
671 0 1 2 3 4 6 7 8 9 10 11 15 16 17 18 19 20 21 22 23 24 25 27 28 29 30 31 33 34 35 37
672 1 2 4 5 6 7 8 10 11 12 13 15
673 0 1 4 5 6 8 9 10 11 12 13 14 15 16 17 19
674 0 1 2 3 4 5 7 8
675 0 1 2 3 4 5 6 7 8 9 10 12 13 14 15 16 17 18 19 21 22 23 24 26 29 31 32 33 34 37 38 39 40 41 42 43 44 46 48 49 52 53 54 55 56 57 58 59 61 63 64 65 66 67 69 70 71 72 74 76 77 78 80 81 82 83 84 86 87 88 90 92 93 94 95 96 97 98 99 101 103 104 105 107 108 109 110 111 112 113 115 116 117 118 120 121 122 123 124 125 126 127 128
676 0 2 3 6 7 8 9 10 11 14 15 16 17 18 20 21 22 23 24 25 26
677 0 1 2 3 5 6 7 9 10 11 12 13 14 16 17 18 20
678 0 1 2 3 4 5 6 8 9 11 13 15 16 17 18 19 20 22 23 24 25 27 28 29 31 32 33 34 35 36 37 38 40
679 1 3 4 5 7 8 9 10 11 12
680 0 2 4 5 6 8 9 10 11 12 13
681 0 1 2 3 4 5 7 8
682 0 2 3 4 5 7 8
683 0 1 2 3 4 5 7 8 9 10 11 12 13 14 15 16 18 21 24 25 26 27 28 29 30 31 32 33 34 35 39 40 41 44 45 46 47 49 50 51 52 53 54 55 56 57 58 60 62 63 65 66 67 69 70 71 72 73 74 75 76 77 79 80 81 82 83 86 87 88 89 90 91 92 93 94 95 96 97 98 99 101 102 103 104 106 107 108 109 111 112 113 114 115 117 118 119 120 121 122 124 125 126 128 129 130 131 132 133 134 135 137 139 140 141 143 144 145 146 148 149 150 151 153 154 155 157
684 0 2 4 5 6 8 9 10 11 12 13
685 0 2 3 6 7 8 9 10 11 14 15 16 17 18 20 21 22 23 24 25 26
686 1 3 4 5 7 8 9 10 11 12
687 0 1 3 4 5 7 8 9 10 11 13 14 15 17 18 19 20 21 22 23 26 28 29 31 32 33 36 37 39 40 41 42 43 44 45 46 47 48 49 50 52 53 54 55 56 57 58 59 60 61 62 64 65 67 68 69 70 72 73 74 75 76 77 78 79 81
688 0 1 2 4 5 6 8 9 10 11 12 14
689 0 1 2 3 4 5 7 8
690 0 1 2 3 4 6 7 8 10 11 13 14 15 18 21 22 23 26 27 28 29 30 31 32 33 34 35 37 38 39 40 42 43 44 45 46 47 48 49 50 51 52 53 54
691 0 2 3 6 7 8 9 10 11 12 14 15 16 17 18 20 21 22 23 24 25 26 28
692 0 1 4 5 6 8 9 10 11 12 13 14 15 16 17 19
693 0 1 3 4 5 6 7 8 9 10 11 15 16 19 20 21 22 23 24 25 26 27 29 30 31 33 34 35 36 37 38 41 42 43 44 45 46 47 48 49 50 51 52 53 54 56 57 58 59 60 61 63 64 66 68 70
694 0 1 2 3 4 5 7 9
695 1 3 4 5 7 8 9 10 11 12
696 0 2 3 4 5 7 8
697 0 1 2 4 5 6 7 8 9 10 11 12 13 17 18 19 20 21 25 26 27 28 30 31 32 34 35 36 37 38 39 40 41 42 44 45 46 48 49 50 51 52 53 55 56 58 59 60 61 63 64 65 66 67 68 69 71 73 74 75 77 78 79 80 81 83 84 85 87 89 90 91 92 93 94 95 96 97 99 100 101 103 104 105 106 107 108 109 111 112 113 114 115 116 117 118 119 120 121 122 124 127
698 1 2 4 5 6 7 8 10 11 12 13 15
699 0 2 3 4 5 7 8
700 0 1 2 3 4 5 7 8
701 0 1 2 3 5 6 7 9 10 11 12 13 14 15 17 18 20 21 22 24 25 27 28 29 30 31 32 33 34 35 36 37 39 42 43 44 46 47 48 51 52 53 54 55 56 57 58 59 60 61 62 63 64 66 68 70 71 72 73 74 75 76 77 79 80 82 83 85 86 87 88 91 92 93 94 95 96 98 99 100 101 102 103
702 0 2 4 5 6 8 9 10 11 12 13
703 0 1 2 3 4 5 7 9
704 0 1 2 3 4 5 7 9
705 1 2 3 6 7 8 10 11 12 13 14 15 16 17 18 20 21 22 23 25 26 28 30 32 33 34 35 36 37 38 39 40 41 42 44 45 46 47 48 49 50 51 52 53 54 56 57 58 59 60 61 62 64 66 67 69 70 71 72 74 75 76 78 79 80 81 82 84
706 1 2 3 4 5 6 7 8 9 11 13 15 17 18 20 22 23 24 25 26 27 28 29 30 31 32
707 0 1 2 3 4 5 7 8
708 0 2 3 4 5 7 8
709 1 2 3 4 6 7 8 9 10
710 0 2 3 4 5 7 8
711 1 3 4 5 7 8 9 10 11 12
712 0 1 2 3 7 8 9 12 13 14 15 17 18 19 20 21 22 23 24 25 26 27 28 29 31
713 1 3 4 5 7 8 9 10 11 12
714 1 2 4 5 6 7 8 10 11 12 13 15
715 0 2 3 5 6 7
716 1 3 4 5 7 8 9 10 11 12
717 1 3 4 5 7 8 9 10 11 12
718 0 1 2 3 4 5 6 7 8 9 10 12 13 17 18 19 20 21 22 24 25 26 27 28 30 32 33 34 35 36 37 38 39 41
719 0 1 2 3 4 5 7 8
720 0 1 4 5 6 8 9 10 11 12 13 14 15 16 17 19
721 0 1 2 4 6 9 10 12 13 14 15 17 18 19 20 21 23 24 25 26 28 29 30 31 32 33 34 35 36 37 38 39 40 41 43 44 46 47 48 49 50 51 53 54 55 56 58 61 62 63 64 65 66 67 68 69 70 71 72 73 74 75 76 80 81 82 83 85 91 93 94 95 96 98 99 100 101 103 105 107 108 109 110 111 112 113 114 115 116 117 118 119 120 121 122 123 124 125 126 127 128 129 130 131 132 133 134 135 136 137 138 140 141 143 144 145 146 148 149 150 151 153 154 155 157 158 159 160 161 162 164 166 167 168 169 170 171 172 173 174 175 176 177 180 181 182 183 184 186 187 189 191 193 194 195 198 199 201 203 204 205 206 207 209 210 212 213 214 215 216 217 218 219 220 221 222 223 224 225 226 227 228 229 231 232 233 234 235 236 237 238 239 240 242 243 244 245 246 247 248 249 250 251 252 253 255 257 259 260 261 262 263 264 265 268 269 270 271 272 273 274 275 276 277 279 280 281 283 285 287
722 0 1 2 3 4 5 7 8
723 1 2 3 4 6 7 8 9 10
724 0 1 2 3 4 5 7 8
725 0 3 4 5 6 7 8 11 12 13 15 16 17 19 20 21 22 23 24 25
726 0 2 3 6 7 8 9 10 11 12 14 15 16 17 18 19 21 22 23 24 25 26 27 29
727 0 2 3 6 7 8 9 10 11 14 15 16 17 18 20 21 22 23 24 25 26 27
728 0 1 2 4 5 6 8 9 10 11 12 14
729 0 2 3 4 5 6 8 9 10 12 13 15 17 18 19 20 21 22 23
730 0 1 2 3 4 5 6 8 9 12 14 15 16 17 18 19 20 21 24 25 26 27 28 29 30 31 33 34
731 0 1 2 3 4 5 7 9
732 0 2 3 4 5 6 7 8 10 11 12 13 14 15 16 18
733 0 1 2 3 4 5 7 9
734 0 1 2 3 4 5 7 9 10 11 12 13 14 15 16 17 18 20 21 22 25 26 27 28 29 30 31 32 33 35 36 37 38 39 41 43 44 45 46 48 49 50 52 53 54 55 57 58 60 61 62 63 64 65 67 68 70 71 73 74 75 76 78 79 80 82 83 85 86 87 88 89
735 0 3 4 5 6 7 8 10 11 12 13 14 15 16 17
736 1 2 3 4 6 7 8 9 10
737 0 2 3 4 5 7 8
738 1 2 3 4 6 7 8 9 10
739 1 2 3 4 6 7 8 9 10
740 0 3 4 5 6 7 8 10 11 12 13 14 15 16 17
741 0 1 2 4 5 6 8 9 10 11 12 14
742 0 1 2 4 5 6 8 9 11 12 13 14 16 18 19 20 22 23 24 26 27 28 29 30 31 32 34 35 36 37 38 39 40 41 42 43
743 0 1 2 3 4 5 7 8
744 0 1 2 3 4 5 6 7 8 9 13 14 16 17 18 19 20 21 22 23 25 27 28 29 30 31 32 33 34 35 37 38 40 41 42 43 44 45 46 48 49 50 52 54 56 57 58 59 61 62 64 65 66 68 69 70 71 72 74 76 78 79 80 81 82 83 84 85 86 88 89 91 92 94 95 96 97 99 100 101 102 103 104 105 106 107 108 109 110 111 113
745 0 1 2 3 4 5 7 9
746 0 1 2 3 4 5 7 9
747 0 1 2 3 4 5 7 9
748 0 1 2 4 5 6 8 9 10 11 12 14
749 1 3 4 5 7 8 9 10 11 12
750 0 1 2 3 4 6 7 8 10 11 15 16 17 18 19 20 21 22 23 24 25 27 28 29 30 31 32 33 34 36
751 0 2 3 4 5 7 8
752 0 1 2 3 4 5 6 7 8 9 10 12 13 17 18 19 20 21 22 24 25 26 27 28 30 32 33 34 35 36 37 38 39 41
753 0 1 2 3 4 7 8 9 11 12 13 14 15 16 17 18 20 21 22 23 24 25 26 27 28 29 30 31 33 36 37 38 39 40 41 42 43 44 45 47 48 49 50 52 53 54 55 57 58 59 60 61 62 65 66 67 68 70 71 72 74 75 76 77 78 80 81 82 84 85 87 88 90 92 93 94 95 96 97 98 100 101 102 105 106 108 109 110 112 113 114 115 116 117 118 119 120 121 122 123 124 125 127 128 129 130 131 132 134 136 137 138 139 141 143 145 146 147 148 149 150 151 152 154 155 156 157 158 160 161 162 163 165 166 167 169 170 172 173 174 175 176
754 1 2 3 4 6 7 8 9 10
755 0 1 2 3 5 6 7 9 10 11 12 13 14 16 17 18 20
756 0 1 2 4 5 6 8 9 10 11 12 14
757 1 2 3 4 6 7 8 9 10
758 0 1 2 3 4 5 7 9
759 0 3 4 5 6 7 8 10 11 12 13 14 15 16 17
760 0 2 3 4 5 7 8
761 0 3 4 5 6 7 8 10 11 12 13 14 16 17
762 1 2 3 4 5 6 7 8 9 11 13 15 17 18 20 22 23 24 25 26 27 28 29 30 31 32
763 0 1 2 3 4 5 7 8
764 0 2 4 5 6 8 9 10 11 12 13
765 0 2 3 4 5 6 8 9 10 12 13 15 17 18 19 20 21 22 23
766 3 4 5 7 8 9 10 11 12 13 14 15 16
767 0 2 3 6 7 8 9 10 11 14 15 16 17 18 20 21 22 23 24 25 26
768 3 4 5 7 8 9 10 11 12 13 14 15 16
769 0 2 3 6 7 8 9 10 11 14 15 16 17 18 20 21 22 23 24 25 26 27
770 0 3 4 5 6 7 8 10 11 12 13 14 15 16 17
771 0 3 4 5 6 7 8 10 11 12 13 14 15 16 17
772 0 1 2 3 4 6 7 8 10 11 15 16 17 18 19 20 21 22 23 24 25 27 28 29 30 31 32 34 36
773 0 1 2 3 5 6 9 10 11 12 13 14 16 17 18 19 20 21
774 0 1 2 3 4 6 7 8 10 11 13 14 15 18 21 22 23 26 27 28 29 30 31 32 33 34 35 37 38 39 40 42 43 44 45 46 47 48 49 50 51 52 53 55
775 1 2 4 5 6 7 8 10 11 12 13 15
776 0 1 2 3 4 5 7 8
777 0 1 2 3 5 6 7 8 9 10 12 14 15 16 17 18 19 20 21 22 23 24 25 26 28 29 31 32 34 35 36 38
778 1 2 3 4 6 7 8 9 10
779 1 3 4 5 7 8 9 10 11 12
780 1 2 3 4 5 6 7 8 9 11 12 13 14 15 18 19 21 22 23 24 26 27 28 30 31 33 35 36 37 39 40 41 42 44 45 46 47 48 49 50 51 52 53 54 55 57
781 1 3 4 5 7 8 9 10 11 12
782 0 2 4 5 6 8 9 10 11 12 13
783 0 1 2 3 5 6 9 10 11 12 13 14 16 17 18 19 20 21
784 0 2 3 6 7 8 9 10 11 12 14 15 16 17 18 20 21 22 23 24 25 26 28
785 3 4 5 7 8 9 10 11 12 13 14 15 16
786 0 1 2 3 4 5 7 8
787 0 1 2 3 4 5 7 8
788 0 2 3 6 7 8 9 10 11 12 14 15 16 17 18 20 21 22 23 24 25 26 28
789 0 1 2 3 5 6 7 8 9 10 12 14 15 16 17 18 19 20 21 22 23 24 25 26 28 29 31 32 34 35 36 38
790 0 1 3 4 5 6 7 8 9 10 11 12 13 14 16 17 18 19 20 21 22 25 29 30 31 32 33 34 35 36 37 38 39 40 42 44 45 46 47 48 49 51 52 53 55 56 57 58 60 61 63 64 65 66 68 69 70 73 75 76 77 79 80 81 83 84 85 86 88 89 90 91 92 93 94 95 96 97 98 99 100 101 102 103 104 105 106 108 109 110 111 112 114 115 116 117 118 119 120 121 122 123 125 126 128 130 132 133 134 135 136 137 138 139 141 143 144 145 147 148 149 150 152 153 154 156 157 158 159 160 162
791 0 1 2 3 7 9 10 11 12 14 15 16 17 18 19 20 22 23 24 25 26 27 28 30
792 0 1 2 3 4 5 7 9
793 0 2 3 4 5 6 7 8 9 10 11 13 15 17 18 19 20 21 22 23 24 26 27 28 30 31 32 33 35 36 37 39
794 0 1 2 3 4 5 7 9
795 0 2 3 4 5 6 7 8 10 11 12 13 14 15 16 18
796 0 1 2 3 4 5 7 8
797 0 1 2 3 5 6 9 10 11 12 13 14 16 17 18 19 20 21
798 0 2 3 6 7 8 9 10 11 14 15 16 17 18 20 21 22 23 24 25 26
799 0 1 2 3 4 6 7 8 10 11 15 16 17 18 19 20 21 22 23 24 25 27 28 29 30 31 32 34 36
800 0 1 2 3 4 5 6 7 8 9 10 12 13 14 16 17 18 19 20 22 24 25 26 27 28 29 30 31 32 33 34 35 36 37 39 40 42 43 44 45 46 48 49 50 51 52 53 57 59 60 61 62 63 64 66 67 68 69 70 72 73 74 77 80 81 82 83 84 85 87 88 89 92 94 95 96 97 98 99 100 101 102 103 104 105 106 107 108 109 110 111 114 115 116 117 119 120 121 122 123 124 125 126 127 128 130 132 134 135 136 137 138 139 140 141 143 145 146 147 149 150 151 152 154 155 156 158 159 160 161 162 164
801 3 4 5 7 8 9 10 11 12 13 14 15 16
802 0 3 4 5 6 7 8 10 11 12 13 14 16 17
803 0 3 4 5 6 7 8 10 11 12 13 14 15 16 17
804 0 1 2 4 5 6 8 9 10 11 12 14
805 3 4 5 7 8 9 10 11 12 13 14 15 16
806 3 4 5 7 8 9 10 11 12 13 14 15 16
807 0 1 2 3 4 6 7 8 10 11 12 15 16 18 19 20 21 22 23 24
808 0 3 4 5 6 7 8 10 11 12 13 14 15 16 17
809 0 1 2 3 4 5 7 9
810 0 1 4 5 6 8 9 10 11 12 13 14 15 16 17 19
811 0 1 2 4 5 6 8 9 10 11 12 14
812 0 1 2 3 4 5 7 9
813 1 3 4 5 7 8 9 10 11 12
814 1 2 3 4 6 7 8 9 10
815 0 1 3 4 6 7 8 9 11 13 14 15 16 18 20 21 25 26 29 30 32 33 34 35 36 37 38 39 40 41 42 43 44 45 46 47 48 49 50 52 53 54 55 56 57 58 59 60 61 62 63 64
816 0 1 2 3 4 5 7 8
817 1 2 4 5 6 7 8 10 11 12 13 15
818 0 1 2 3 4 5 7 8
819 0 1 2 3 4 6 7 8 9 10 11 15 16 17 18 19 20 21 22 23 24 25 27 28 29 30 31 33 34 35 37
820 0 4 6 7 8 9 11 12 13 14 15 17 18 19 21 22 24 25 26 27 28 29 31 32 33 34 35 37 38 39 41 42 43 44 46 47 48 49 50 51 52 53 54 55 56 57 58 60
821 0 1 2 4 6 7 8 9 10 12 13 15 16 17 18 19 20 21 22 24 26 27 28 29 31 32 33 34 36 37 38 39 40 45 47 48 49 50 53 54 56 57 58 59 60 61 62 63 65 66 67 68 69 70 71 72 73 74 75 76 77 78 79 80 81 84 85 86 87 88 89 90 91 92 93 94 95 97 98 99 101 102 103 104 106 108 109 111 112 113 115 116 117 118 119 120 121 122 125 128 129 130 131 132 133 134 135 138 140 141 142 143 145 147 148 149 150 151 152 153 154 155 156 157 158 159 160 161 162 163 164 166 167 168 169 172 174 175 176 177 179 180 181 182 184 185 186 187 188 189 190 191 193 195 196 198 199 200 201 202 203 204 205 206 207 208 210 211 212 213 214 215 216 218 220 221 222 223 224 226 227 228 229 230 231 232 233 234 235 236 237 238 240 241 242 243 244 245 246 248 249 250 252 253 254 255 256 258 259 261 262 263 265 267 268
822 0 1 2 3 4 5 6 7 8 9 10 12 13 17 18 19 20 21 22 24 25 26 27 28 30 32 33 34 35 36 37 38 39 41
823 0 1 2 3 4 5 7 9
824 0 1 2 3 4 5 6 8 9 12 14 15 16 17 18 19 20 21 24 25 26 27 28 29 30 31 33 35
825 0 1 2 3 7 9 10 11 12 14 15 16 17 18 19 20 22 23 24 25 26 27 28 30
826 0 2 3 4 5 6 8 9 10 12 13 15 17 18 19 20 21 22 23
827 0 3 4 5 6 7 8 11 12 13 15 16 17 19 20 21 22 23 24 25
828 1 2 3 4 5 6 7 8 9 11 13 15 17 18 20 22 23 24 25 26 27 28 29 30 31 32
829 0 2 3 6 7 8 9 10 11 12 14 15 16 17 18 19 21 22 23 24 25 26 27 29
830 0 2 4 5 6 8 9 10 11 12 13
831 3 4 5 7 8 9 10 11 12 13 14 15 16
832 0 2 3 4 5 7 8
833 0 2 3 4 5 6 7 8 10 11 12 13 14 15 16 18
834 0 1 2 3 4 5 7 8
835 0 1 2 3 4 5 7 8
836 3 4 5 7 8 9 10 11 12 13 14 15 16
837 0 1 2 3 4 5 6 7 8 11 12 13 15 16 17 18 19 20 22 23 24 25 27 29 30 31 32 33 36 37 38 39 40 41 42 45 47 48 49 50 51 52 53 54 55 57 58 59 61 62 63 65 66 67 68 70 71 72 73 74 75 76 77 79 80 81 82 83 84 85 86 87 88 89 91 92 93 94 95 96 97 98 100 101 102 103 105 106 107 110 111 112 114 115 116 118 119 120 122 123 124 125 126 127 129 130 131 132 133 134 135 136 139 141 143 144 148 149 150 151 152 153 154 155 156 158 159 160 161 162 163 165 167 168 169 170 172 176 177 178 180 181 182 183 185 186 187 188 189 190 191 192 194 195 197 198 200 201 202 203 204 205 206 207 208 209 210 212 213 214 215 216 217 218 220 222 223 224 225 226 229 230 231 232 233 234 235 236 237 238 239 240 241 243 244 245 246 247 248 249 250 251 252 253 255 256 257 258 259 261 262 264 265 266 268 270 271
838 0 1 2 4 5 6 8 9 11 12 13 14 16 18 19 20 22 23 24 26 27 28 29 30 31 32 34 35 36 37 38 39 40 41 42 43
839 0 1 2 3 4 5 6 7 8 9 13 14 16 17 18 19 20 21 22 23 25 27 28 29 30 31 32 33 34 35 37 38 40 41 42 43 44 45 46 48 49 50 52 54 56 57 58 59 61 62 64 65 66 68 69 70 71 72 74 76 78 79 80 81 82 83 84 85 86 88 89 91 92 94 95 96 97 99 100 101 102 103 104 105 106 107 108 109 110 111 113
840 0 2 4 5 6 8 9 10 11 12 13
841 0 1 2 3 5 6 9 10 11 12 13 14 16 17 18 19 20 21
842 0 2 3 4 5 6 7 8 9 10 11 13 15 17 18 19 20 21 22 23 24 26 27 28 30 31 32 33 35 36 37 39
843 0 1 2 3 5 6 9 10 11 12 13 14 16 17 18 19 20 21
844 0 2 4 5 6 8 9 10 11 12 13
845 0 1 2 3 4 5 7 9 10 11 12 13 14 15 16 17 18 20 21 22 25 26 27 28 29 30 31 32 33 35 36 37 38 39 41 43 44 45 46 48 49 50 52 53 54 55 57 58 60 61 62 63 64 65 67 68 70 71 73 74 75 76 78 79 80 82 83 85 86 87 88 89
846 1 2 4 5 6 7 8 10 11 12 13 15
847 0 1 2 3 4 5 7 9
848 1 2 4 5 6 7 8 10 11 12 13 15
849 3 4 5 7 8 9 10 11 12 13 14 15 16
850 1 3 4 5 7 8 9 10 11 12
851 0 1 2 3 4 5 7 8
852 1 2 3 4 5 6 7 8 9 10 11 13 15 17 18 19 20 23 24 25 26 27 28 29 30 32 33
853 0 1 2 3 4 5 6 8 9 12 14 15 16 17 18 19 20 21 24 25 26 27 28 29 30 31 33 34
854 0 1 3 4 5 7 11 12 13 14 15 16 17 18 19 20 21 24 25 26 28 30 31 32 33 34 35 37 38 39 40 41 42 43 44 45 46 47 48 50 51 52 53 54 55 56 57 58 59 60 62 63 65 66 67 68 70 71 72 73 75 76 77 79
855 1 2 3 4 6 7 8 9 10
856 1 2 3 4 5 6 7 8 9 10 11 13 15 17 18 19 20 23 24 25 26 27 28 29 30 32 33
857 0 2 3 6 7 8 9 10 11 12 14 15 16 17 18 19 21 22 23 24 25 26 27 29
858 1 2 3 4 6 7 8 9 10
859 0 2 3 4 5 7 8
860 0 1 2 3 4 5 7 9
861 0 1 2 3 4 5 7 8
862 0 1 2 3 4 5 6 7 8 9 13 14 16 17 18 19 20 21 22 23 25 27 28 29 30 31 32 33 34 35 37 38 40 41 42 43 44 45 46 48 49 50 52 54 56 57 58 59 61 62 64 65 66 68 69 70 71 72 74 76 78 79 80 81 82 83 84 85 86 88 89 91 92 94 95 96 97 99 100 101 102 103 104 105 106 107 108 109 110 111 113
863 0 2 3 6 7 8 9 10 11 12 14 15 16 17 18 19 21 22 23 24 25 26 27 29
864 0 3 4 5 6 7 8 10 11 12 13 14 15 16 17
865 0 2 3 6 7 8 9 10 11 12 14 15 16 17 18 20 21 22 23 24 25 26 28
866 0 1 2 3 4 7 8 9 10 11 12 13 14 15 18 19 20 22 23 24 25 26 27 28 29 32 33 34 35 36 37 39 41 42 44 45 46 48 49 50 51 53 54 55 56 57 58 59 60 61 63 64 65 66 67 68 69 71 72 74 75 77 78 79 80 82 83 84 86 87 89 90 91 92 93 94
867 0 2 3 4 5 7 8
868 0 1 2 3 4 5 6 7 9 10 12 13 14 15 19 20 21 23 24 25 27 28 29 30 31 32 33 35 36 37 39 40 41 42 43 44 45
869 0 2 3 6 7 8 9 10 11 14 15 16 17 18 20 21 22 23 24 25 26
870 0 1 2 3 4 5 6 9 10 12 13 14 15 19 20 21 23 24 25 27 28 29 30 31 32 33 35 36 37 38 39 40 41 42 43 44
871 1 3 4 5 7 8 9 10 11 12
872 1 2 3 4 6 7 8 9 10
873 1 3 4 5 7 8 9 10 11 12
874 0 3 4 5 6 7 8 11 12 13 15 16 17 19 20 21 22 23 24 25
875 0 1 2 3 7 8 9 12 13 14 15 17 18 19 20 21 22 23 24 25 26 27 28 29 31
876 0 1 2 3 4 5 7 9
877 0 1 2 3 4 5 7 8
878 1 3 4 5 7 8 9 10 11 12
879 0 2 3 6 7 8 9 10 11 14 15 16 17 18 20 21 22 23 24 25 26
880 0 2 3 4 5 6 7 8 10 11 12 13 14 15 16 18
881 0 1 2 3 4 5 6 8 9 11 13 14 15 18 19 20 21 22 23 24 26 27 28 29 31 33 34 35 36 37 38 39 40 41 42
882 1 2 3 5 6 7 8 9 10 11 12 14 16 17 18 19 20 24 25 26 27 28 29 30 31 32 33 34 36 39 40 41 42 43 45 46 47 48 49 50 51 52 53 54 55 56 57 58 59 61 62 63 65 67 68
883 0 3 4 5 6 7 8 10 11 12 13 14 16 17
884 0 1 2 3 5 6 7 9 10 11 12 13 14 16 17 18 20
885 0 1 3 4 5 6 7 8 9 10 11 12 13 14 15 16 17 18 19 20 21 22 25 26 27 28 29 30 31 32 33 35 36 38 39 40 41 44 46 47 48 49 50 51 52 53 54 56 57 58 59 60 62 65 66 67 69 70 71 73
886 0 2 3 4 5 7 8
887 0 2 3 4 5 7 8
888 0 1 4 5 6 8 9 10 11 12 13 14 15 16 17 19
889 0 1 2 3 5 6 7 8 9 10 12 14 15 16 17 18 19 20 21 22 23 24 25 26 28 29 31 32 34 35 36 38
890 0 1 2 3 4 5 6 7 8 9 10 12 13 17 18 19 20 21 22 24 25 26 27 28 30 32 33 34 35 36 37 38 39 41
891 1 3 4 5 7 8 9 10 11 12
892 0 1 3 4 5 6 7 8 9 10 11 15 16 19 20 21 22 23 24 25 26 27 29 30 31 33 34 35 36 37 38 41 42 43 44 45 46 47 48 49 50 51 52 53 54 56 57 58 59 60 61 63 64 66 68 69
893 0 1 2 4 5 6 8 9 10 11 12 14
894 0 1 4 5 6 8 9 10 11 12 13 14 15 16 17 19
895 0 2 3 6 7 8 9 10 11 14 15 16 17 18 20 21 22 23 24 25 26
896 0 2 3 4 5 7 8
897 1 2 3 4 6 7 8 9 10
898 1 2 4 5 6 7 8 10 11 12 13 15
899 0 1 2 3 4 6 7 8 10 11 13 14 15 18 21 22 23 26 27 28 29 30 31 32 33 34 35 37 38 39 40 42 43 44 45 46 47 48 49 50 51 52 53 54
900 0 2 4 5 6 8 9 10 11 12 13
901 0 2 3 4 5 6 8 9 10 12 13 15 17 18 19 20 21 22 23
902 0 3 4 5 6 7 8 10 11 12 13 14 16 17
903 0 1 3 4 5 6 7 9 10 12 13 14 15 16 17 18 19 20 21 22 23 25 26 27 28 31 32 33 35 36 37 39 40 41 43 45 46 47 48 49 50 51 52 53 55 57 58 59 60 61 63 64 65 66 67 68 69 70 71 72 73 74 75 76 78 79 81 82 84 85 88 89 90 91 92 93 95 97 98 99 100 102 104 105 107 108 109 110 111 112 113 114 115 116 118 119 120 121 122 123 125 126 127 128 129 131 133 134 135 136 138 140 142 143 144 145 146 147 148 149 151 152 153 154 155 157 158 159 160 162 163 164 166 167 168 169 170 171 172
904 1 3 4 5 6 8 9 10 11 12 14 15 16 17 20 21 23 24 25 26 27 28 29 30 31 32 33 34 37 38 40 41 42 43 45 46 47 48 49 50 51 52 53 54 55 56 57 59
905 0 2 3 6 7 8 9 10 11 12 14 15 16 17 18 19 21 22 23 24 25 26 27 29
906 0 1 2 3 4 5 7 9
907 0 1 4 5 6 8 9 10 11 12 13 14 15 16 17 19
908 1 2 3 4 6 7 8 9 10
909 0 1 2 3 4 5 7 8
910 0 1 2 4 5 6 8 9 10 11 12 14
911 0 2 3 4 5 7 8
912 0 1 2 3 4 6 7 8 10 11 12 15 16 18 19 20 21 22 23 24
913 0 2 3 4 5 7 8
914 0 2 3 4 5 6 7 8 10 11 12 13 14 15 16 18
915 0 1 2 3 4 5 7 8
916 1 2 4 5 6 7 8 10 11 12 13 15
917 0 1 2 3 4 5 6 7 9 10 11 12 14 15 16 17 18 19 20 22 23 24 26 27 28 30 32 33 35 36 37 38 39 40 43 44 45 46 47 48 49 50 51 53 54 55 56 57 59 60 61 62 64 65 66 68 70 72
918 0 2 3 6 7 8 9 10 11 14 15 16 17 18 20 21 22 23 24 25 26 27
919 1 2 3 4 6 7 8 9 10
920 0 1 4 5 6 8 9 10 11 12 13 14 15 16 17 19
921 1 2 4 5 6 7 8 10 11 12 13 15
922 0 1 2 3 5 6 7 9 10 11 12 13 14 16 17 18 20
923 0 1 2 3 4 5 6 9 10 12 13 14 15 19 20 21 23 24 25 27 28 29 30 31 32 33 35 36 37 38 39 40 41 42 43 44
924 0 2 3 6 7 8 9 10 11 12 14 15 16 17 18 20 21 22 23 24 25 26 28
925 0 2 3 4 5 7 8
926 0 1 2 3 4 6 7 8 9 11 13 15 16 18 19 21 22 23 25 26 27 28 29 31 32 34 35 36 37 39 40 41 42 43 44 46 47 48 49 50 51
927 0 1 2 3 5 6 9 10 11 12 13 14 16 17 18 19 20 21
928 0 1 2 3 5 6 9 10 11 12 13 14 16 17 18 19 20 21
929 1 2 3 4 6 7 8 9 10
930 0 1 2 3 4 5 7 9
931 0 1 2 3 7 9 10 11 12 14 15 16 17 18 19 20 22 23 24 25 26 27 28 30
932 1 3 4 5 7 8 9 10 11 12
933 1 3 4 5 7 8 9 10 11 12
934 0 2 3 4 5 7 10 11 13 14 17 18 19 20 21 22 23 24 25 26 27 28 30 31 32 34 35 36 37 38 39 40 41 42 43 45 47 48 49 50 51 52 53 54 55 56 57 59 60 61 62 63 64 66 68 69 71 72 73 74 76 77 78 80 81 82 83 84 85 86
935 0 1 3 5 7 8 9 11 12 13 14 15 16 17 18 19 20 22 23 24 25 26 30 31 32 33 34 35 36 38 39 40 41 42 43 44 45 46 47 48 49 51 53 54 56 57 58 59 60 61 63 64 66 67 68 69 71 72 73 74 75 76 77 78 80
936 0 1 2 3 4 5 6 7 8 9 11 12 13 16 19 20 22 24 25 27 28 29 30 31 33 34 36 37 38 40 41 42 43 44 45 46 47 49 50 51 52 53 55 56 57 58 59 60 61 62 64 65 66 67 68 69 70 71 73 74 76 77 79 80 81 82 84 85 86 88 89 91 92 93 94 95 96
937 0 1 2 3 5 6 7 9 10 11 12 13 14 16 17 18 20
938 0 1 2 3 7 9 10 11 12 14 15 16 17 18 19 20 22 23 24 25 26 27 28 30
939 0 2 3 4 5 7 8
940 0 3 4 5 6 7 8 10 11 12 13 14 15 16 17
941 0 1 2 4 5 6 8 9 10 11 12 14
942 1 3 4 5 7 8 9 10 11 12
943 0 2 3 4 5 7 8
944 0 2 3 4 5 6 7 8 10 11 12 13 14 15 16 18
945 0 2 3 4 5 7 8
946 1 3 4 5 7 8 9 10 11 12
947 0 2 3 4 5 7 8
948 0 1 2 3 4 5 7 8
949 1 3 4 5 7 8 9 10 11 12
950 0 1 2 3 4 5 6 8 9 12 14 15 16 17 18 19 20 21 24 25 26 27 28 29 30 31 33 34
951 0 2 3 4 5 6 8 9 10 12 13 15 17 18 19 20 21 22 23
952 0 1 3 4 5 7 11 12 13 14 15 16 17 18 19 20 21 24 25 26 28 30 31 32 33 34 35 37 38 39 40 41 42 43 44 45 46 47 48 50 51 52 53 54 55 56 57 58 59 60 62 63 65 66 67 68 70 71 72 73 75 76 77 79
953 0 3 4 5 6 7 8 10 11 12 13 14 15 16 17
954 1 2 3 5 6 7 8 9 10 11 12 14 16 17 18 19 20 24 25 26 27 28 29 30 31 32 33 34 36 39 40 41 42 43 45 46 47 48 49 50 51 52 53 54 55 56 57 58 59 61 62 63 65 67 68
955 1 3 4 5 7 8 9 10 11 12
956 0 2 4 5 6 8 9 10 11 12 13
957 1 2 4 5 6 7 8 10 11 12 13 15
958 0 1 2 3 5 6 7 9 10 11 12 13 14 16 17 18 20
959 0 1 2 4 5 6 8 9 10 11 12 14
960 0 1 2 3 4 5 6 9 11 14 16 17 18 20 21 22 23 24 25 26 28 29 30 31 32 33 34 36 37 38 40 41 42 43 44 45 46 47
961 0 1 2 3 4 5 7 9
962 1 2 3 4 5 6 7 8 9 11 13 15 17 18 20 22 23 24 25 26 27 28 29 30 31 32
963 0 2 4 5 6 8 9 10 11 12 13
964 0 3 4 5 6 7 8 10 11 12 13 14 16 17
965 0 1 2 3 4 5 6 8 9 11 13 15 16 17 18 19 20 22 23 24 25 27 28 29 31 32 33 34 35 36 37 38 40
966 0 2 4 5 6 8 9 10 11 12 13
967 0 1 2 3 4 5 7 8 9 10 11 15 18 20 21 22 23 24 25 26 28 29 30 31 33 34 36 37 38 39 41 42 43 44 45 46 47 48 49 50 51 52 53
968 0 2 3 4 5 7 8
969 0 1 2 3 4 5 6 8 9 12 14 15 16 17 18 19 20 21 24 25 26 27 28 29 30 31 33 34
970 0 1 2 3 4 5 6 8 9 11 13 14 15 18 19 20 21 22 23 24 26 27 28 29 31 33 34 35 36 37 38 39 40 41 42
971 0 1 3 4 5 6 7 8 9 10 11 12 13 14 15 16 17 18 19 20 21 22 25 26 27 28 29 30 31 33 35 36 37 38 39 40 41 44 46 47 48 49 50 51 52 53 54 56 57 58 59 60 63 66 67 68 70 71 72 74
972 0 1 2 3 4 5 6 8 9 11 13 15 16 17 18 19 20 22 23 24 25 27 28 29 31 32 33 34 35 36 37 38 40
973 0 2 3 6 7 8 9 10 11 14 15 16 17 18 20 21 22 23 24 25 26 27
974 0 2 3 4 5 7 8
975 0 1 2 3 5 6 9 10 11 12 13 14 16 17 18 19 20 21
976 0 4 6 7 8 9 11 12 13 14 15 17 18 19 21 22 24 25 26 27 28 29 31 32 33 34 35 37 38 39 41 42 43 44 46 47 48 49 50 51 52 53 54 55 56 57 58 60
977 3 4 5 7 8 9 10 11 12 13 14 15 16
978 3 4 5 7 8 9 10 11 12 13 14 15 16
979 0 1 3 5 7 8 9 11 12 13 14 15 16 17 18 19 20 22 23 24 25 26 30 31 32 33 34 35 36 38 39 40 41 42 43 44 45 46 47 48 49 51 53 54 56 57 58 59 60 61 63 64 66 67 68 69 71 72 73 74 75 76 77 78 80
980 0 1 2 3 4 6 7 8 10 11 15 16 17 18 19 20 21 22 23 24 25 27 28 29 30 31 32 33 34 36
981 0 2 4 5 6 8 9 10 11 12 13
982 0 1 2 3 4 5 7 8
983 0 1 3 5 6
984 0 1 4 5 6 8 9 10 11 12 13 14 15 16 17 19
985 0 1 4 5 6 8 9 10 11 12 13 14 15 16 17 19
986 1 2 3 4 6 7 8 9 10
987 1 2 3 4 6 7 8 9 10
988 0 3 4 5 6 7 8 11 12 13 15 16 17 19 20 21 22 23 24 25
989 1 2 3 4 6 7 8 9 10
990 0 1 2 3 4 6 9 10 12 14 17 18 19 21 22 23 24 25 27 28 30 31 32 33 34 36 37 38 39 40 41 42 43 45 46 47 48 49 50 51 53 54 55 56 57 58 59 60 61 62 64 65
991 1 2 3 4 6 7 8 9 10
992 1 3 4 5 7 8 9 10 11 12
993 0 1 2 3 4 5 7 9
994 0 1 2 3 5 6 7 9 12 13 14 15 16 17 18 19 20 21 22 25 28 29 30 31 32 33 34 35 36 38 39 40 42 43 44 45 47 48 49 50 51 52 53 54 55 56 57 58 60 62
995 0 1 2 3 4 5 7 9
996 0 1 2 3 4 6 7 8 9 10 11 15 16 17 18 19 20 21 22 23 24 25 27 28 29 30 31 33 34 35 37
997 0 1 2 3 4 5 7 8
998 0 2 3 4 5 7 8
999 1 2 3 4 5 6 7 8 9 11 13 15 17 18 20 22 23 24 25 26 27 28 29 30 31 32
1000 0 2 3 4 5 6 7 8 9 10 11 13 15 17 18 19 20 21 22 23 24 26 27 28 30 31 32 33 35 36 37 39
1001 1 3 4 5 6 8 9 10 11 12 14 15 16 17 20 21 23 24 25 26 27 28 29 30 31 32 33 34 37 38 40 41 42 43 45 46 47 48 49 50 51 52 53 54 55 56 57 59
1002 0 1 2 3 4 5 6 8 9 11 13 15 16 17 18 19 20 22 23 24 25 27 28 29 31 32 33 34 35 36 37 38 40
1003 0 1 2 3 4 5 7 8 9 10 11 12 16 17 18 21 22 24 25 26 27 28 30 31 33 34 35 36 38 39 40 41 42 43 45 46 47 48 49 50
1004 0 2 3 4 5 6 7 8 9 10 11 13 15 17 18 19 20 21 22 23 24 26 27 28 30 31 32 33 35 36 37 39
1005 0 1 2 3 4 5 6 7 9 10 12 13 14 15 19 20 21 23 24 25 27 28 29 30 31 32 33 35 36 37 39 40 41 42 43 44 45
1006 0 1 2 3 5 6 7 9 10 11 12 13 14 16 17 18 20
1007 0 2 3 4 5 6 8 9 10 12 13 15 17 18 19 20 21 22 23
1008 1 3 4 5 6 7 8 9 10 11 12 14 15 16 18 19 21 24 25 27 28 29 30 31 32 33 34 35 36 37 38 39 40 41 42 43 44 45 46 47 49 52 53 54 55 56 57 59 60 62 64 65 66 67 68 70 71 73 74 75 76 77 78 79 80 81 82 83 84 85 86 87 88 89 91 93 94 95 96 97 99 101 102 104 105 106 107 108 109 110 111 112 113 114 115 116 117 118 120 121 122 123 125 126 128 129 130 131 133 134 135 136 139 140 141 143 145 147
1009 0 1 3 4 5 7 8 9 10 12 13 14 16 17 18 19 21 23 24 25 26 28 29 30 31 32 33 35 37 38 39 40 41 42 43 44 45 46 47 49 50 51 52 53 54 56 57 58 60 61 62 63 64 65 66 68 69 70 71 73 74 75 77
1010 0 1 2 3 5 6 7 8 9 10 12 14 15 16 17 18 19 20 21 22 23 24 25 26 28 29 31 32 34 35 36 38
1011 0 1 2 3 5 6 7 9 10 11 12 13 14 16 17 18 20
1012 0 1 2 3 4 5 6 9 10 12 13 14 15 19 20 21 23 24 25 27 28 29 30 31 32 33 35 36 37 38 39 40 41 42 43 44
1013 0 1 2 4 5 7 8 9 10 11 12 13 14 17 18 19 20 21 22 23 24 25 27 28 29 31 32 33 34 35 36 38 39 40 41 42 43 44 45 46 47 48 51 53 55 56 57 59 60 61 62 63 65 66 67 70 71 72 73 74 76 78 80 81 82 83 84 85 86 87 88 90 91 93 94 96 97 98 99 102 103 104 105 106 107 108 109 110 111 112 113 114 116
1014 0 3 4 5 6 7 8 10 11 12 13 14 16 17
1015 0 1 3 4 5 6 7 8 9 10 11 12 13 14 15 16 17 18 19 20 21 22 25 26 27 28 29 30 31 33 35 36 37 38 39 40 41 44 46 47 48 49 50 51 52 53 54 56 57 58 59 60 63 66 67 68 70 71 72 74
1016 1 3 4 5 7 8 9 10 11 12
1017 1 2 3 4 6 7 8 9 10
1018 0 2 3 4 5 7 8
1019 0 1 2 3 4 5 7 9
1020 3 4 5 7 8 9 10 11 12 13 14 15 16
1021 0 1 2 3 4 5 6 9 11 14 16 17 18 20 21 22 23 24 25 26 28 29 30 31 32 33 34 36 37 38 40 41 42 43 44 45 46 47
1022 3 4 5 7 8 9 10 11 12 13 14 15 16
1023 0 1 2 4 5 6 8 9 11 12 13 14 16 18 19 20 22 23 24 26 27 28 29 30 31 32 34 35 36 37 38 39 40 41 42 43
1024 0 1 2 3 4 5 7 8
1025 0 2 3 6 7 8 9 10 11 12 14 15 16 17 18 19 21 22 23 24 25 26 27 29
1026 0 1 2 3 4 5 7 8 9 10 11 12 16 17 18 21 22 24 25 26 27 28 30 31 33 34 35 36 38 39 40 41 42 43 45 46 47 48 49 50
1027 0 1 2 3 4 5 7 9
1028 0 1 2 3 4 5 7 8 9 10 11 15 18 20 21 22 23 24 25 26 28 29 30 31 33 34 36 37 38 39 41 42 43 44 45 46 47 48 49 50 51 52 53
1029 0 1 3 4 5 6 7 8 9 10 11 12 13 14 15 16 17 18 19 20 21 22 25 26 27 28 29 30 31 32 33 35 36 38 39 40 41 44 46 47 48 49 50 51 52 53 54 56 57 58 59 60 62 65 66 67 69 71 73
1030 1 2 4 5 6 7 8 9 10 11 12 13 14 16 17 18 19 20 21 22 23 24 25 26 27 28 30 31 32 33 34 35 37 38 39 41 42 43 45 46 47 49 50 51 52 55 56 58 59 61 62 65 66 67 68 70 72 74 75 76 77 78 79 80 81 83 84 86 87 89 90 91 92 95 96 97 98 99 100 101 102 103 104 105 106 107
1031 1 2 4 5 6 7 8 10 11 12 13 15
1032 0 2 4 5 6 8 9 10 11 12 13
1033 1 3 4 5 7 8 9 10 11 12
1034 0 4 5 6 7 8 9 10 11 12 14 15 16 17 18 19 21 23 24 25 28 29 30 31 32 33 35 37 38 39 40 41 42 44 45 46 47 48 49 50 51 52 53 54 55 57 59 60 61 62 63 65 66 68 69 71 72 73 74 75 76 77 78 79 80 81 82 84 85 86 89 90 91 92 94 95 96 97 98 99 100 101 102 103 104 105 106 107 108 109 110 111 112 114 115 116 117 119 120 121 122 123 124 126 127 129 130 131 132 135 136 137 139 141 143
1035 0 1 2 3 4 6 9 10 12 14 17 18 19 21 22 23 24 25 27 28 30 31 32 33 34 36 37 38 39 40 41 42 43 45 46 47 48 49 50 51 53 54 55 56 57 58 59 60 61 62 64 65
1036 0 1 2 3 4 5 7 9
1037 1 2 3 4 6 7 8 9 10
1038 0 1 2 3 4 5 7 9
1039 1 2 3 4 5 6 7 8 9 10 11 13 15 17 18 19 20 23 24 25 26 27 28 29 30 32 33
1040 0 3 4 5 6 7 8 10 11 12 13 14 15 16 17
1041 0 1 2 3 4 5 7 8
1042 0 2 3 4 5 6 7 8 10 11 12 13 14 15 16 18
1043 0 1 2 3 4 5 7 8
1044 1 2 4 7 8 9 10 11 12 13 14 15 18 20 21 23 25 26 28 29 30 31 32 33 34 37 38 39 40 41 42 43 44 45 46 47 48 49 50 51 52 54 55 56 57 58 59 60 61 62 63 65 66
1045 0 3 4 5 6 7 8 10 11 12 13 14 15 16 17
1046 0 4 6 7 8 9 10 11 12 13 14 15 17 18 19 21 22 24 25 26 27 28 29 31 32 33 34 35 37 38 39 41 42 43 44 46 47 48 49 50 51 52 53 54 55 56 57 59 61
1047 0 1 2 3 4 6 7 8 10 11 15 16 17 18 19 20 21 22 23 24 25 27 28 29 30 31 32 34 36
1048 0 1 3 4 5 6 7 8 9 10 11 15 16 19 20 21 22 23 24 25 26 27 29 30 31 33 34 35 36 37 38 41 42 43 44 45 46 47 48 49 50 51 52 53 54 56 57 58 59 60 61 63 64 66 68 69
1049 0 3 4 5 7 8 9 10 12 15 16 17 18 20 21 22 23 24 26 27 28 29 30 31 33 34 35 36 37 38 40 41 43 44 45 46 47 48 49 50 51 52 53 55 56 57 58 59 60 61 62 63 65 66 68 69 70 71 73 74 75 76 77 78 79 80 82
1050 1 2 3 5 6 7 8 9 10 11 12 14 16 17 18 19 20 24 25 26 27 28 29 30 31 32 33 34 36 39 40 41 42 43 45 46 47 48 49 50 51 52 53 54 55 56 57 58 59 61 62 63 65 67 68
1051 0 1 2 3 5 6 7 8 9 10 12 14 15 16 17 18 19 20 21 22 23 24 25 26 28 29 31 32 34 35 36 38
1052 0 3 4 5 6 7 8 10 11 12 13 14 16 17
1053 0 2 3 4 5 7 8
1054 1 3 4 5 7 8 9 10 11 12
1055 0 1 3 4
1056 0 2 3 4 5 7 8
1057 1 4 5 7 8 9 10 11 12 13 14 16 17 18 19 20 21 23 24 25 26 28 29 30 31 32 33 35 36 38 39 40 41 42 43 44 45 46 47 49 50 51 52 53 54 55 56 57 58 59 61 62 64 65 66 67 69 70 71 72 74 75 76 78
1058 1 2 4 5 6 7 8 10 11 12 13 15
1059 0 1 2 3 4 6 9 10 12 14 17 18 19 21 22 23 24 25 27 28 30 31 32 33 34 36 37 38 39 40 41 42 43 45 46 47 48 49 50 51 53 54 55 56 57 58 59 60 61 62 64 65
1060 3 4 5 7 8 9 10 11 12 13 14 15 16
1061 0 1 2 3 5 6 7 9 10 11 12 13 14 16 17 18 20
1062 0 1 2 3 4 6 7 8 10 11 15 16 17 18 19 20 21 22 23 24 25 27 28 29 30 31 32 34 36
1063 0 1 2 3 5 6 9 10 11 12 13 14 16 17 18 19 20 21
1064 0 1 2 4 5 6 7 8 9 10 13 14 15 16 17 19 20 21 22 23 24 26 27 28 29 30 32 33 34 36 37 38 39 41 42 43 45 47 48 49 50 51 52 53 54 55 56 58 59 60 61 62 63 64 67 68 69 71 72 73 75
1065 1 3 4 5 7 8 9 10 11 12
1066 0 1 2 3 4 5 7 8
1067 1 2 3 4 6 7 8 9 10
1068 0 1 2 4 5 6 8 9 10 11 12 14
1069 0 1 2 3 4 5 7 9
1070 0 1 2 3 5 6 7 8 11 12 13 15 18 19 20 22 23 24 25 26 27 28 29 30 32 33 35 36 37 38 40 41 42 43 44 45 47 48 49 50 51 52
1071 0 2 3 5 6 7
1072 0 1 2 3 4 5 6 9 11 14 16 17 18 20 21 22 23 24 25 26 28 29 30 31 32 33 34 36 37 38 39 40 41 43 44 45 46 47 48
1073 0 1 2 3 4 5 6 8 9 12 14 15 16 17 18 19 20 21 24 25 26 27 28 29 30 31 33 35
1074 0 1 2 3 4 6 7 8 9 10 11 15 16 17 18 19 20 21 22 23 24 25 27 28 29 30 31 33 34 35 37
1075 0 3 4 5 6 7 8 10 11 12 13 14 15 16 17
1076 1 2 4 5 6 7 8 10 11 12 13 15
1077 0 3 4 5 6 7 8 10 11 12 13 14 16 17
1078 0 2 3 4 5 7 8
1079 0 1 2 3 4 5 7 8
1080 0 1 2 3 5 6 9 10 11 12 13 14 16 17 18 19 20 21
1081 1 2 3 4 6 7 8 9 10
1082 0 2 4 5 6 8 9 10 11 12 13
1083 0 1 2 4 5 6 8 9 10 11 13 15 17 18 19 21 22 24 25 26 27 28 29 30 31 32 33 34 35 37 38 40 41 42 43 44 45 46 47 49 50 51 52 53 54 56 57 58 61 62 63 65 66 68 69 70 71 72 73 74 75 76 78 79 80 83 84 85 86 87 88 90 91 92 93 94 95 96 97 98 99 100 101 102 103 104 105 106 108 109 110 111 112 113 114 116 117 118 120 121 122 123 124 127 130 131 132 134 136 137
1084 1 2 3 4 6 7 8 9 10
1085 0 1 2 3 4 6 7 8 9 11 13 15 16 18 19 21 22 23 25 26 27 28 29 31 32 34 35 36 37 39 40 41 42 43 44 46 47 48 49 50 51
1086 0 2 3 6 7 8 9 10 11 12 14 15 16 17 18 19 21 22 23 24 25 26 27 29
1087 0 1 2 3 4 5 6 9 11 14 16 17 18 20 21 22 23 24 25 26 28 29 30 31 32 33 34 36 37 38 39 40 41 43 44 45 46 47 48
1088 0 3 4 5 6 7 8 11 12 13 15 16 17 19 20 21 22 23 24 25
1089 0 1 2 3 4 6 7 8 10 11 12 15 16 18 19 20 21 22 23 24
1090 1 3 4 5 7 8 9 10 11 12
1091 0 2 3 4 5 7 8
1092 0 1 2 3 4 6 7 8 9 11 13 15 16 18 19 21 22 23 25 26 27 28 29 31 32 34 35 36 37 39 40 41 42 43 44 46 47 48 49 50 51
1093 0 1 2 3 5 6 7 9 10 11 12 13 14 16 17 18 20
1094 0 1 2 3 4 5 7 8
1095 0 2 3 4 5 7 8
1096 3 4 5 7 8 9 10 11 12 13 14 15 16
1097 0 1 2 4 5 7 8 9 12 14 15 16 17 18 19 20 21 22 23 24 25 27 28 29 30 31 33 34 35 36 37 38 39 40 42 43 45 46 47 48 49 50 51 52 53 54 55 57 59 60 61 62 63 65 67 68 70 71 72 73 75 76 77 79 80 81 82 83 85
1098 0 1 2 4 5 6 8 9 10 11 12 14
1099 0 1 2 3 4 5 7 9
1100 0 3 4 5 6 7 8 10 11 12 13 14 16 17
1101 0 1 2 3 5 6 7 8 9 10 12 14 15 16 17 18 19 20 21 22 23 24 25 26 28 29 31 32 34 35 36 38
1102 3 4 5 7 8 9 10 11 12 13 14 15 16
1103 0 2 3 4 5 7 8
1104 0 1 2 3 5 6 7 9 12 13 14 15 16 17 18 19 20 21 22 25 28 29 30 31 32 33 34 35 36 38 39 40 42 43 44 45 47 48 49 50 51 52 53 54 55 56 57 58 60 62
1105 0 1 2 3 5 6 7 9 12 13 14 15 16 17 18 19 20 21 22 25 28 29 30 31 32 33 34 35 36 38 39 40 42 43 44 45 47 48 49 50 51 52 53 54 55 56 57 58 60 62
1106 1 2 3 4 6 7 8 9 10
1107 0 2 3 6 7 8 9 10 11 12 14 15 16 17 18 20 21 22 23 24 25 26 28
1108 0 1 2 4 5 6 8 9 10 11 12 14
1109 0 1 2 3 5 6 9 10 11 12 13 14 16 17 18 19 20 21
1110 0 3 4 5 7 8 9 10 12 15 16 17 18 20 21 22 23 24 26 27 28 29 30 31 33 34 35 36 37 38 40 41 43 44 45 46 47 48 49 50 51 52 53 55 56 57 58 59 60 61 62 63 65 66 68 69 70 71 73 74 75 76 77 78 79 80 82
1111 0 1 2 3 4 5 6 9 10 12 13 14 15 19 20 21 23 24 25 27 28 29 30 31 32 33 35 36 37 38 39 40 41 42 43 44
1112 0 3 4 5 6 7 8 10 11 12 13 14 16 17
1113 0 1 2 3 5 6 7 9 10 11 12 13 14 16 17 18 20
1114 0 2 3 4 5 6 7 8 10 11 12 13 14 15 16 18
1115 0 2 3 4 5 7 8
1116 1 2 3 4 5 6 7 8 9 11 13 15 17 18 20 22 23 24 25 26 27 28 29 30 31 32
1117 1 2 3 4 6 7 8 9 10
1118 0 3 4 5 6 7 8 10 11 12 13 14 15 16 17
1119 1 2 3 4 6 7 8 9 10
1120 0 2 3 4 5 7 8
1121 1 2 3 4 6 7 8 9 10
1122 1 2 3 4 6 7 8 9 10
1123 0 2 4 5 6 8 9 10 11 12 13
1124 0 3 4 5 6 7 8 10 11 12 13 14 16 17
1125 0 1 2 3 5 6 7 9 12 13 14 15 16 17 18 19 20 21 22 25 28 29 30 31 32 33 34 35 36 38 39 40 42 43 44 45 47 48 49 50 51 52 53 54 55 56 57 58 60 62
1126 0 1 2 3 4 5 7 8
1127 0 2 3 4 5 7 8
1128 0 2 3 4 5 6 7 8 10 11 12 13 14 15 16 18
1129 0 2 3 4 5 7 10 11 13 14 17 18 19 20 21 22 23 24 25 26 27 28 30 31 32 34 35 36 37 38 39 40 41 42 43 45 47 48 49 50 51 52 53 54 55 56 57 59 60 61 62 63 64 66 68 69 71 72 73 74 76 77 78 80 81 82 83 84 85 86
1130 0 2 4 5 6 8 9 10 11 12 13
1131 0 2 3 6 7 8 9 10 11 12 14 15 16 17 18 19 21 22 23 24 25 26 27 29
1132 0 1 2 3 4 5 6 9 11 14 16 17 18 20 21 22 23 24 25 26 28 29 30 31 32 33 34 36 37 38 40 41 42 43 44 45 46 47
1133 3 4 5 7 8 9 10 11 12 13 14 15 16
1134 0 2 4 5 6 8 9 10 11 12 13
1135 0 3 4 5 6 7 8 10 11 12 13 14 16 17
1136 0 1 2 3 4 5 7 8
1137 0 2 3 7 8 9 10 11 12 13 14 15 16 18 19 21 22 23 24 25 26 28 29 32 33 34 35 36 37 39 40 42 43 44 45 46 48 49 50 51 52 54 55 56 57 59 60 61 62 63 64 65 66 67 68 69 70 72 73 75 76 78 79 80 81 83 84 85 87 88 90 91 92 93 94 95
1138 0 1 3 4 5 6 7 8 9 10 11 12 13 14 15 16 17 18 19 20 21 22 25 26 27 28 29 30 31 32 33 35 36 38 39 40 41 44 46 47 48 49 50 51 52 53 54 56 57 58 59 60 62 65 66 67 69 70 71 73
1139 0 1 2 3 4 5 7 9
1140 0 1 2 3 4 5 7 8
1141 0 1 2 3 4 5 7 9
1142 0 1 2 3 4 6 7 8 9 11 13 15 16 18 19 21 22 23 25 26 27 28 29 31 32 34 35 36 37 39 40 41 42 43 44 46 47 48 49 50 51
1143 1 2 3 4 5 6 7 8 9 10 11 13 15 17 18 19 20 23 24 25 26 27 28 29 30 32 33
1144 0 3 4 5 6 7 8 11 12 13 15 16 17 19 20 21 22 23 24 25
1145 0 1 2 3 4 5 7 9
1146 1 2 3 4 6 7 8 9 10
1147 0 1 2 3 4 6 7 8 10 11 12 15 16 18 19 20 21 22 23 24
1148 0 4 6 7 8 9 11 12 13 14 15 17 18 19 21 22 24 25 26 27 28 29 31 32 33 34 35 37 38 39 41 42 43 44 46 47 48 49 50 51 52 53 54 55 56 57 58 60
1149 0 1 3 4 5 7 9 11 12 14 15 17 18 19 20 21 22 24 25 26 27 28 29 30 31 32 33 34 35 37 38 39 40 41 42 43 45 46 47 48 50 51 52 53 54 55 56 57 58 60 61 63 64 65 66 68 69 71 72 74 75 76 77 79 80 81 83 84 86 87 88 89 90
1150 0 1 2 3 4 5 6 7 9 10 12 13 14 15 19 20 21 23 24 25 27 28 29 30 31 32 33 35 36 37 39 40 41 42 43 44 45
1151 0 2 4 5 6 8 9 10 11 12 13
1152 1 2 3 4 6 7 8 9 10
1153 0 2 3 6 7 8 9 10 11 14 15 16 17 18 20 21 22 23 24 25 26 27
1154 0 1 2 3 4 5 6 8 9 12 14 15 16 17 18 19 20 21 24 25 26 27 28 29 30 31 33 34
1155 0 2 3 4 5 7 8
1156 0 3 4 5 6 7 8 10 11 12 13 14 16 17
1157 0 1 2 4 5 6 8 9 10 11 12 14
1158 0 1 2 3 4 5 6 7 9 10 11 12 13 14 15 16 17 19 20 22 23 25 26 27 28 29 33 35 36 38 39 40 42 43 46 47 49 50 51 52 53 54 55 56 57 58 59 60 61 62 63 64 65 66 67 68 69 70 71 72 73 75 76 77 79 80 82 83 84 85 86 88 90 91 92 95 97 98 99 100 101 102 103 104 105 106 107 108 109 110 111 112 113 114 115 116 118 119 120 121 122 124 125 126 127 129 130 131 132 134 136 138 139 140 141 142 143 144 145 147 149 150 151 153 154 155 156 158 159 160 162 163 164 165 166 168
1159 0 3 4 5 6 7 8 10 11 12 13 14 15 16 17
1160 0 1 2 3 4 6 7 8 10 11 13 14 15 18 21 22 23 26 27 28 29 30 31 32 33 34 35 37 38 39 40 42 43 44 45 46 47 48 49 50 51 52 53 55
1161 0 1 4 5 6 8 9 10 11 12 13 14 15 16 17 19
1162 0 1 2 3 4 6 7 8 9 11 13 15 16 18 19 21 22 23 25 26 27 28 29 31 32 34 35 36 37 39 40 41 42 43 44 46 47 48 49 50 51
1163 0 1 2 3 4 5 6 8 9 12 14 15 16 17 18 19 20 21 24 25 26 27 28 29 30 31 33 35
1164 0 4 6 7 8 9 10 11 12 13 14 15 17 18 19 21 22 24 25 26 27 28 29 31 32 33 34 35 37 38 39 41 42 43 44 46 47 48 49 50 51 52 53 54 55 56 57 59 61
1165 0 1 2 3 5 6 7 9 10 11 12 13 14 16 17 18 20
1166 0 2 4 5 6 8 9 10 11 12 13
1167 0 1 2 3 4 5 7 9
1168 1 2 4 5 6 7 8 10 11 12 13 15
1169 0 2 3 4 5 7 8
1170 0 1 2 3 4 5 7 8
1171 0 2 3 4 5 7 8
1172 0 2 3 4 5 7 8
1173 0 1 2 3 4 5 7 8
1174 0 1 2 4 5 6 8 9 10 11 12 14
1175 0 1 4 5 6 8 9 10 11 12 13 14 15 16 17 19
1176 1 2 3 4 6 7 8 9 10
1177 0 3 4 5 6 7 8 10 11 12 13 14 15 16 17
1178 0 1 2 4 5 6 8 9 10 11 12 14
1179 0 1 2 3 4 5 7 9
1180 0 1 2 4 5 6 8 9 10 11 12 14
1181 0 1 2 4 5 6 8 9 10 11 12 14
1182 1 3 4 5 7 8 9 10 11 12
1183 0 3 4 5 6 7 8 10 11 12 13 14 16 17
1184 0 1 2 3 5 6 7 8 9 10 12 14 15 16 17 18 19 20 21 22 23 24 25 26 28 29 31 32 34 35 36 38
1185 0 1 2 3 4 5 7 9
1186 0 1 2 3 4 5 7 8
1187 0 1 2 3 4 5 6 8 9 11 14 15 21 23 24 26 27 28 29 32 33 35 36 37 38 39 40 41 43 45 46 47 48 49 50 51 52 53 54 55 56 57 59 61 62 63 64 65 67 68 69 70 71 72 73 74 75 76 77 78 79 80 81 82 83 85 87 88 89 90 92 93 94 95 96 97 99 100 102 103 104 105 106 108 109 110 111 112 114 115 116 117 118 119 121 122 123 124 126 127 128 129 131 132 133 134 136 138 139 140 141 142 143 144 145 147 148 150 151 152 153 154 155 156 157 158 159 160 161 162 163 164 166 168 169 170 171 172 175 176 177 179 181 182 183 184 185 186 187 188 189 191 192 193 194 195 197 198 199 200 204 205 206 207 208 209 210 211 212 213 214 215 216
1188 1 2 3 5 6 7 8 9 10 11 12 14 16 17 18 19 20 24 25 26 28 29 30 31 32 33 34 36 39 40 41 42 43 45 46 47 48 49 50 51 52 53 54 55 56 57 58 59 61 62 63 64 66 67
1189 1 3 4 5 7 8 9 10 11 12
1190 1 2 3 4 6 7 8 9 10
1191 0 1 2 3 5 6 7 9 12 13 14 15 16 17 18 19 20 21 22 25 28 29 30 31 32 33 34 35 36 38 39 40 42 43 44 45 47 48 49 50 51 52 53 54 55 56 57 58 60 62
1192 0 2 3 4 5 7 8
1193 0 1 3 5 6
1194 0 1 2 3 4 5 6 8 9 12 14 15 16 17 18 19 20 21 24 25 26 27 28 29 30 31 33 34
1195 0 2 3 6 7 8 9 10 11 14 15 16 17 18 20 21 22 23 24 25 26 27
1196 1 2 4 5 6 7 8 10 11 12 13 15
1197 0 1 2 4 5 6 8 9 10 11 12 14
1198 1 3 4 5 7 8 9 10 11 12
1199 0 2 4 5 6 8 9 10 11 12 13
