0 0 1 2 3 4 5 6 7 8 9 12 13 14 15 16 19 20 21 22 23 24 25 27 29
1 0 1 2 3 5 7 8 9 10 11 12 13 14 15 16 17 19 20 22 23 24 26 27 28
2 0 1 3 6 8 9 10 11 12 14 15 16 17 18 19 20 21 22 23
3 0 1 2 3 4 8 9 10 11 12 14 16 17 18 19 20 22 23 24 25 26 27 29 30
4 0 2 4 5 6 7 8
5 0 1 2 3 4 5 8 10 11 12 13 14 15
6 0 2 3 4 5 6 8 9 10 11 12 14 15 16 17 20 21 22 23 24 25 26 28 29 30 32
7 0 1 2 4 5 7 8 10 11 12 13
8 0 1 2 3 6 7 8 9 11
9 0 3 4 5 7 8 9 10 11 13 14 15 16
10 1 2 4 5 6 7 9 10 11 12 13
11 2 3 4 5 6 7 8 10
12 0 1 2 3 5 6 8 9
13 1 2 3 4 5 7 8 9 11 13 14 16 17 18 19 20 21 23 24 25 26 27 28 29
14 0 3 4 5 6 8 9 10 11 12 14 15
15 0 1 3 5 6 7 8 10 11 12 13 14
16 0 1 2 3 4 5 6 7 8 9 11 12 13 14 15 16 17 19 20 21 22 23 24 25 26 29 30 31 32 33 35 36 38 39 40 41 42 44 45 47 48 49 50 55 56 57 59 60 61 62 63 64 65 66 67
17 1 2 3 6 8 9 10 11 12 14 15 16 18 19 21 22 23 24 25 26 27 28 29 30 31 32 34 35
18 0 2 3 4 5 7 8 10 11 12 13 14 15 18 19 20
19 0 3 4 5 6 7 8
20 1 2 3 5 6 7 8 10 11 12 13 14 16 17 18 19 22 23 24 25 26 27 28 31 32 33 34 35 36 37 38 39 40 41 42 43 44 45 46 49 50 52 53 54 55 56 57 58 59 60 61 62 63 64 65 67 68 69 72 73 74 75 77 78 80 82 83 84 85 86 87 89 90 91 93 94 95 96 97 100 101 103 104 105 107 109 110 112 113 114 115 116 117 118 119 120 121 122 124 125 126 127 128 129 130 131 132 133 134 135 136 139 141 143 144 146 147 148 149 151 152 153 154 155 156 157 158 159 163 164 165 166 167 169 170 171 172 173 174 175 176 177 178 180 181 183 184 185
21 0 2 3 4 5 6 8 9
22 1 2 4 5 6 8 10 11 12 13 14 15 16 17 18
23 0 2 3 4 5 6 8 9 10 11 12 13 15 17 18
24 0 3 4 7 8 9 10 11 12 13 14 15 16 17 18 19 20 22 23 24
25 0 1 2 3 4 6 7 9 10
26 0 1 2 3 4 5 7 8 9 10 11 13 14 15 16 17 18 19 20 24 25 26 29 31 32 34 35 36 37 38 39 40 41 42 43 44 45 47 48 49
27 1 2 4 5 6 7 8 9
28 0 1 4 6 7 8 9 10 11 13 14 15 16 17 19 20 21 22 23 25 26 27 28 29 31 32 33 34 36 37 38 39 41 42 43 45
29 0 2 3 4 5 6 8
30 0 1 2 3 4 5 6 7 9 11 12 15 16 17
31 0 1 3 5 7 8 9 10 11 12 13 14 15 16 17 18 20 23 24 25 26
32 0 1 2 3 4 5 6 7 8 11 13 14 15 16 18 20 23 24 25 26 27 28 29 30 31 32 33 34 35 36 37 38 39 41 42 43 44 46 47 49 52 53 54 55 56 57 58 59 60 61 63 64 66 67 68 69
33 0 1 2 3 4 5 9 10 11 12 13
34 0 2 3 4 5 6 8 9
35 0 1 2 3 4 5 6 7 8 9 10 12 13 14 15 16
36 0 1 2 3 6 7 8 9 11 12 13 14 16
37 0 1 2 3 5 6 7 8 10 12 13
38 0 3 4 5 6 7 8 10
39 1 2 3 5 6 7 8
40 0 2 3 4 5 6 8
41 0 1 2 3 5 6 7
42 0 1 2 3 4 6 7 8 10 11 12 14
43 0 1 2 4 5 6 7 9 10 12
44 0 2 4 5 6 7 9 11 12 13 14 15 16 17 19 20 21 22 23 24 26 28 29 30
45 0 1 3 4 5 6 7 8 10 11 12 15 17 18 19 20
46 1 3 4 5 6 7 8 9 10 11 12 13 15 16 18 20 21 22 23
47 0 1 2 3 4 5 6 8
48 0 1 2 3 4 5 6 7 8 9 11 12 13 14 15 16 17 20 22 24 25 26 27 29 30 31 32 33 34 35 36 37 39 40 41 42 43 44 45 46 47 48 49 51 52 53 54 55 56 60 61 63 64 66 67 68 69 70 71 72 73 75 77 78 80 81 82 83 84 85 86 87 88 89 90 92 93 95 96 97 98 100 101 102 104 107 108
49 0 1 2 4 5 6 7 8 9 10 11 12 13 14 15 18 19 20 21 22 23 24 25 26 29 30 31 32 33 34 35 37 38 39 40 41 43 44 45 46 49 51 52 53 54 55 56 57 58 60 61 64 66
50 1 2 3 4 6 8 10 11 12 13 14 15 16 17 18 19 20 21 22 23 24 25 28 29 30 31 32 33 34 37 39 40 41 42 43 45 46
51 0 2 3 4 5 7 9 10 11 12 13 14 15 16 17 18 19 20 21 22 23 25 26 27 28 30 32 33 34 35 36 37 38 41 43
52 0 1 5 6 7 8 9 10 11 12 13 14 15 16 18 20 23 24 25 26 27 29 30 31 32 33 34 35 38 39 40 41 42 43 44 45 46 47 48 49 50 51 52 54 55 57 58 59
53 0 1 4 5 6 8 9 10 11 12 13 14 15 17 18 19 20 21 22 23 25 26 27 28 29 30 32 33 34 35 36 39
54 1 2 3 4 5 7 8 9 10 12 13 14 15 16 17 18 19 20 21 22 23 25 27 28 29 30 33 35 36 37 38 40 44 45 46 47 48 49 50 51 53 54 55 58 59 61 62 64 65 66 67 68 69 70 71 72 74 75 76 77 79 80 81 82 84 85 86 87 88 89 90 91 92 93 95 96 97 98 99 100 101 103 104 105 106 108 109 110 111 112
55 0 1 2 5 6 7 8 10 11 12 13 14 15 16 17 18 19 20 21 22 25 28 29 30 31 32 33 34 35 37 39 41 42 43 44 45
56 0 1 3 4 5 6 7 8 9 11 12 13 14 15 16 18 21 22 23 24 26 27 29 30 31 32 33 34 35 36 37 38 39 40 41 42 43 44 45 46 48 49 50 51 55 56 57 59 61 62 64 65 66 67 68 69 70 71 72 74 75 76 78 80 81 82 83
57 0 1 2 3 4 5 7 8 9 10 11 12 13 14 16 17 18 20 22 23 24 25 26 28 30 32 33 35 36 39 40 41 42 44 45 46 47 49 50 51 52 53 54 55 56 58 59 60 61 62 63 64 65 66 67 68 70 72 73 75 77 78 79 81 82 83 84 85 86
58 1 3 4 5 6 7 8 9 10 11 15 16 17 18 19 20 21
59 0 2 3 4 6 8 9 11 12 13 15 18 19 20 21 22 23 24 27 30 31 33 34 35 36 37 38 39 40 41 42 43 44 45 46 47 48 49 50 51 52 53 54 55 56 57 59 60 61 62
60 0 1 2 3 5 7 8 9 11 12 13 14
61 1 4 5 6 7 8 9 10 11 12 13 14 15 16 17 18 19 20 21 22 23 25 26 27 28 30 33 34 35 36 37 38 41 42 44 45 46 47 48 50 51 52 54 55 57 59 60 61 62 63 64 65 66 67 68 69
62 0 1 2 3 4 5 7 8 9 10 11 13 14 16 17 18 19 20 22 24 25 27 28 30 31 32 33 34 35 36 38 39 41 42
63 0 1 4 6 7 9 10 11 13 14 15 16 18 19 21 23 24 25 26 27 29 30 31 32 33 34 36 37 38 39 40 41 42 43 44 45 46 47 48
64 1 3 4 5 6 7 8 9 10 12 14 15 16 17 18 19 20 21 22 24 27 30 31 33 34 35 36 39 40 41 42 44 45 46 48 50 51 53 54 56 57 58 59 60 61 62 63 64 66 67 69 70 71 72 73 74 75 76 77 78 79 82 83 84 85 86 87 88 89 90 91 92 95 96 97 98 100 101 102 103 104 105 106 107 108 109 110 111 112 113 114 115 116 117 120 121 122 124 125 126 127 128 129 130 131 132 133
65 0 1 2 4 5 6 7 8 10 12 13 14 15 16 17 18 19 21 22 23 25 26 28 29 30 32 33 34 35 36 38 40 41 42 44 45 46
66 0 1 2 3 6 7 8 9 11 12 13 14 16 17 18 19 20 21 22 23 24 27 28 31 32 33 34 35 37 38 39 40 41 42 43 44 45 47 48 49 50 51 52 55
67 0 2 3 4 5 6 7 8 9 10 12 13 14 15 16 17 18 19 20 22 24 26 27 29 31 32 33 34 35 36 37 38
68 1 2 3 4 5 6 7 8 9 10 11 12 13 14 15 16 17 18 19 20 21 22 23 25 29 31 32 33 34 35 36 37 38 40 41 42 43 44 45 46 47 48 53 54 55 56 58 59 60 61 63 64 65 66 67 69 70 71 72 73 76
69 1 2 3 4 5 6 7 9 11 12 13 15 16 17 20 21 22 24 25 27 28 30 31 32 33 34 36 37 38 39 40 41 42 43 45 46 47 48 49 50 51
70 0 1 2 3 6 7 9 10 11 12 13 14 15 16 18 21 22 23 24 25 26 28 29 30 31 32 34 35 36 37 38 39 41 42 43 44 45 46 48 49 50 51 52 53 55 56 57 58 59 60 61 62 64 65 67 68 69 71 73 74
71 2 4 5 6 7 8 9 10 11 13 14 15 16 18 20 21 22 24 25 26 27 29 30 31 32 33 35 36 37 38 39 40 41 42 44 46 47 50 51 52 53 54 56 57 59 61 62 63 64 65 66 67 68 69 70 71 72 73 74 75 78 79 80 81 82 83 84 85 86 87 88 89 91 92 93 94 95 96 99 100 101 102 103 105 106 107 108 110 111 112
72 0 1 2 3 4 5 8 9 10 12 13
73 0 1 3 4 6 7 8 9 10 11 12 13 14 16 17 18 20 21 22 25 26 27
74 0 1 2 4 5 6 7 9 11 12 13 14 15 17 19 20 21 22 23 24 25 27 28 29 31 32 33 34 36 37 38 39 41 42 43 45 46 47 48 50 51 52 53 54 55 56 57 58 59 61 63 64 66 67 68 70 71 72 74 76 77 78 79 80
75 0 1 3
76 0 1 2 3 5 6 7 8 9 12 13 16 17 19 20 21 26 27 28 29 30 31 33 34 35 37 39 40 41 42 43 44 45 46 48 49 50 51 52 53 54 55 56 58 59 60 61 62 63 64 65 67 68 69 70 71 72 73 74 75 76 77 78 79 80 81 82 83 84 85 86 87 89 90 91 92 93 94 95 96 98 100 101 102 103 104 105 106 107 108 110 111 114 115 116 117 118 119 120 121 122 123 124 126 127 128 129 130 132 133 134 135 137 138 139 143 144 146 148 150 151 152 153 154 155 156 157 158 159 160 162 163 164 165 166 167 168 169 170 172 173 174 176 177 178 181 182 183 185 186 187 188 189 190 192 193 194 195 196 197 198 201 202 203 204 205 206 207 208 209 210 211 212 213 214 215 216 217 218 220 221 223 225 226 227 228 229 230 231 232 233 234 235 236 237 239 240 241 242 244 247 248 249 250 251 253 255 257 258 259 260 262 263 264 265 266 267 268 274 275 276
77 1 3 4 5
78 0 1 2 4 5 7 8 9
79 0 1 2 3 6 8 9 10 11 12 13 15 16
80 1 2 3 4 5 6 7 8 11 12 13 14 15 16 17
81 0 1 3 4 5 7 8 9 11 13 14 15 16 17 18
82 1 2 3 4 5 6 7 8 11 12 13 14 16 18 19 20 21 22 23 24
83 0 1 3 5 6 7 8 10 11 12 14 15 16 17 18 19 20
84 0 1 3 4 5 6 8 10 11 12 13 14 16
85 0 1 2 4 5 6 8 10 11 12 13 14
86 0 2 4 5 6 8 9 10 11 12 15 16 17 18 20 22 23 24 25 27 28 29 30 31 32 33 34 35 37 38 39 40 41
87 2 3 4 5 6 7 8 9 10 11 12 14
88 0 1 2 3 4 5 6 7 8 10 11 12 15 16 18 19 20 21 22 23 24 25 26 27 28 29 30 34
89 0 1 2 4 5 6 7 8 9 11 12 13 14 15 16 17 19 20 21 22 23 24 25 26 27 28 29 30 31 32 33 34 35 36 38 39 40 41 42 43 44 47 48 49 50 52 55 56 58 60 62 63 64 66 67 69 70 72 73 74 76 77 78
90 1 2 3 4 6 7 8 10 11 12 13 15 16 17 18 20 21 22 23 24 25 26 27 29 30 31 32 34 35 36 37 39 40 41 43 44 45 46 47 48 52 53 55 57 58 59 60 61 62 63 65 66 67 68 69 70 72 73 74 75 77 78 81 82 83 84 85 86 87 88 89 90 92 93 94 95 96 97 98 99 101 102 103 104
91 0 1 2 3 4 5 7 8 9 10 11 14 15 16 17 20 21 22 23 24 25 27 28 29 32 34 35 36 37 38 39 40 41 42 43 44 45 47 48 50 51 52 53 54 55 56 57 58 59 60 61 62 63 64 65 66 67 69 70 71 72 73 74 78 79 80 81 82 83 85 88 89
92 0 1 2 3 5 6 8 9 10 11 14 15 16 17 18 19 20 21 22 23 24 25 26 28 30 31 34 35 36
93 0 1 2 3 5 7 8
94 0 1 2 3 6 7 8 9 10 11 12 13 14 15 16 17 19 20 21 22 23 24 26 27 28 29 30 35 36 38 39 40 41 42 43 44 45 46 47 50 51 52 53 54 56
95 0 4 5 6 7 8 9 10 11 12 13 14
96 0 1 2 3 4 7 9 10 11 12 14 15 16 17 18 19
97 0 2 5 6 7 8 9 10
98 1 2 4 6 7 8 9 10 11 12 14 15
99 0 1 2 4 6 7 8 9 10 11 12 13 14 15 16 17 18 20 22 23 27 28 30 31 32 33 35 36 37 39 40 41 43 45 46 47 48 49 50 51 52 53 54 55
100 0 1 2 4 5 7 8
101 0 1 3 4 7 8 9 10 11 12 13
102 0 1 2 3 4 7 9 10 11 12 13
103 0 2 3 5 6 7 9 10 11 12 13 15 16 17 18 19
104 0 1 2 3 4 5 6 7 8
105 1 2 3 4 5 7 8 9 11 12 13 14
106 0 1 3 4 5 6 7 8 11 12 13 14 16 17 18 19 20 21 23
107 0 1 3 5 7 8 9 10 11 12 13 14
108 1 2 4 5 6 7 8 9 10 11 12 13 14 16 17 19
109 0 2 4 5 6 7 8 10 11 13 14 15 16 20 21 22 23 25 26 27 28 30 32 33 34 35 36 37 38 40 41 42 43 44 46 47 48 50 51 53 54 55 56 57 58 59 60 61 62 63 64 65 66 68 69 70 72 73 75 76 77 78 79 80 82 83 84 85 86 88 89 90 91 92 93 94 95 97 98 99 101 102 103 104 105 107 109 110 111 112 114 115 116 117 118 119 120 121 122 124 126 129 130 131 132 133 134 135 136 137 139 140 141 143 144 145 147 148 149 150 151 153 154 155 156 157 158 159 160 162 163 164
110 0 1 2 3 4 6 7 8 9 10 12 14 15 17 18 19 20 21 23 24 25 26 27 28 29 30 32 33 37 38 39 40 41 42 43 44 46 48 49 50 51 52 53 54 55 56 57 58 59 60 63 64 65 67 68 70 72 73 74 75 76 77 78 79 80 81 83 85 86 87 88 89 90 91 92 93 94 95 97 98 99 100 101 102 104 105 106 107 108 109 111 112 113 114 115 116 117 118 119 120 121 123 124 126 127 129 130 131 132 133 134 135 136 137 138 139 140 141 143 144 145 146 149 150 151 153 154 155 156 158 159 160 161 163 164 165 167 168 169 170 171 172 173 174 178 180 181 184 185 187 188 189 190 191 192 196 197 198 199 200 203 204 205 206 208 209 210 211 212 213 214 215 216 218 219 220 221 222 225 226 228 229 230 231 232 233 234 235
111 1 2 3 4 5 6 7 8 9 10 12 14 15 16 18 19
112 0 2 4 5 6 7 8 9 10 11 13 14
113 0 1 2 3 5 7 8
114 0 1 3 4 5 6 7 8 9 10 12 13 16 18 19 20 21
115 0 1 2 3 5 7 10 11 12 13 14 15
116 1 2 3 4 5 6 7 9 10
117 0 1 3 5 6 7 8 10
118 0 1 2 3 5 6 7 8 9 10 11 12 13 15 16 17 18 19 20 22 23 25 27
119 0 1 2 4 6 7 8 9 10 11 12 13 16 17 18 20 21 22 24 27 28 29 30 31 32 33 36 37 38 39 40 42 43 44 45 46 47 48 49 50 51 52 53 54
120 0 3 4 5 6 8 9 11 13 14 15 16 17 18 19 20
121 0 2 3 5 6 7 9 10
122 1 3 4 5 6 7 8 9
123 0 1 2 5 6 7 9 10
124 0 1 2 3 5 6 8 11 12 13 14 15
125 0 1 2 3 4 5 6 7 8 9 10 11 13 14 15 16 17 18 19 20 22 23 25 26 27 28 29 30 31 32 33 34 36 37 40 41 42 43 44 45 46 48 49 50 51 53 54 55 56 57 59 60 63 64 67
126 0 2 3 5 6 10 11 12 13 14 15 16 17 18 19 20 21 22 23 25 26
127 0 2 3 4 5 7 8 9 10 11 12 15
128 0 1 2 3 4 6 7 9 12 13 14 15 16 17 19 20 22 23 24 25 26 27 29 30 31 32 33 35 36 37 39 40 41 42
129 0 1 2 4 5 6 8 9
130 0 1 3 4 6 7 8 9 10 12 13 14 15 16 17 18 19 20 21 22 23 24 26 27 29 32 34 35 36 38 39 40 42 43 44 45 46 47 48 50 51 52 53 54 55 56 57 58 59 61 63 65 66 67 68 69 70 71 72 73 74 75 76 77 78 79 80 82 83 84 85 86 88 89 90 92 95 97 99 100
131 0 1 2 3 4 5 8 10
132 1 2 3 4 5 6 7 9 10 11 12 14
133 2 3 4 5 6 7 8 9 10 13 14 15 16 17 18 19
134 1 2 3 4 5 6 7 8 10 11
135 0 1 2 3 5 6 7 8 9 10 12 13
136 0 1 2 3 4 5 6 7 9 11 12 14 16 17 18 19 21
137 0 1 2 3 4 6 7 10 11 12 13 15 16
138 1 3 4 5 6 7 8 10 13 14 15 16 17 18 19 20 21
139 2 3 4 5 6 7 8 9 10 11
140 0 2 4 5 6 7 9 10 11
141 0 1 2 3 4 8 9 10 11
142 0 1 2 3 4 5 6 7 8 9 10 11 14 15 16 19 20 22
143 1 4 5 6 7 8 9 10 11
144 1 2 3 4 5 6 7 9 11 12 13 14 15 17 18 21 22 23 25 26 27 30 31 32 34 35 36 37 38 39 40 41 42 43 44 46 47 48 49 50 51 52 53 54
145 2 3 4 5 6 7 8 9 10 11 13 14 15 16 17 18 20 21 22 23 24 25 26 27 28 29 30 31 32 33 34 36 39 40 41 42 43 45 46 47 48 49 50 51 52 53 54 56 57 59 60 61 63 64 65 66 67 68 69 72 73 74 75 79 80 81 82 83 84
146 0 1 2 3 4 6 7 8
147 0 1 2 3 4 5 6 9 10
148 1 2 4 7 8 9 10 11 12 14 15 17 18 19 20 21 22 24 25 26 28 29 30 31 32 33 34 35 36 37 38 40
149 1 2 4 5 6 7 8 9 10 11 12 14 15 16 17 20 21 22 25 26 27 28 29 30 31 32 33 34
150 0 1 2 3 4 5 6 7 8 10 11 12 13 14 17 18 19 20 21 22 24 27 28 31 32 34 35 36 37 38 39 40 41 42
151 0 1 3 4 5 6 7 8 9 10 11 13 14 16 17 18 19 20 21 23 24 25 26 27 28 31 32 35 36 37 38 40 41 42 43 44 45 47 48 49 50 51 52 53 54 56 57 58 60 61 62 63 64 65 68 69 70 71 73 74 75 76 77 78 79 80 81 82 85 87 88 90 91 92 93 96 97 98 99 100 101 102 103 104 105 106 110 111 112 113 114 115 117 118 119 120 121
152 0 1 2 3 4 5 6 7 8 10 12 13 15 17 18 20 22 23 24 25 26 27 28 29 30 31 32 34
153 0 1 2 3 5 6 7 8 9 11 12 13 14 16 18
154 0 1 2 3 5 6 8 9
155 0 1 2 3 4 5 7 8 9 11 12 13 17 18 19 20 21 22 24 25 26 27 28 29 30
156 0 1 3 4 5 6 7 8 11 12 14 15 16
157 0 1 3 5 6 7 8 9 10 11 12 13 14 15 16 17 18 20 21 23 25 26 27 28 30 32 34 36 37 38 39 40 41 42 43 44 45 47 49 50 52 53 54 55
158 0 1 2 4 5 6 7 9 11 12 13 14
159 0 2 4 5 6 7 8
160 1 2 3 4 5 6 7 9 11 12
161 0 2 4 5 6 8 9 10 11 12 14 16 17 18 19 20 21 22 23 24 25 26 27 28 29 30 31 35 37 38 39 40 41 43 44 45 46 47
162 0 1 2 3 4 7 8 9 11
163 1 2 3 4 5 8 9 11 12 13 14 15
164 1 2 3 4 6 7 8 10 11
165 0 1 2 3 4 6 8 9 10 11 13
166 2 3 5 6 7 8 9 10 12 13 14 15 16 17 18
167 0 1 2 3 4 6 8 9 10 11 12 14
168 0 2 3 4 5 6 7 8 14 15 16 17 18 20 21 22 23 25 26 27 28 29 30 31 32 33 34 35 36 37 38 39 40 42 43 44 45 46 47 48 49 50 51 52 53 54 55 56 57 58 59 60 61 62 63 65 66 67 69 70 72 74 75 76 77 78 79 81 82 83 85 87 88 89 90 91 92 93 94 97 98 99 100 101 102 103 104 107 109 110 111 112 113 115 116 118 119 121 122 123 124 125 126 127 128 129 131 132 133 134 135 138 139 140 142
169 1 2 3 4
170 0 1 4 5 6 7 8 9 10 12 13 14 15 16 17 18 20 21 23 24 26 27 28
171 0 1 3 4 5 6 7 8 12 13 14 15 16 17 18
172 0 1 3 4 5 6 8 9 10
173 0 2 3 4 5 7 8 9
174 0 1 2 3 4 5 6 7 8 9 12 14 15 16 17 18 19 20 21 25 26
175 0 2 3 4 5 7 9 10 11 12
176 0 2 4 5 6 8 9 10 12 14 15 16 17 18 19 20 22 23 24 25
177 0 2 3 4 6 7 9 10 11 12 13 14 15 16 17 18 19 20 21 22 23 24 26 27 28 29 30 31 32 33 34 35 37 39 40 41 42 43 44 45 47 51 52 53 54 55 56 58 59 60 62 63 64 66 68 69 70 71 72 73 74 76 79 80 81 82 83 84
178 0 2 3 5 6 7 8 9 10 11 12 13 14 15 16 18 19 22 23 24 26 27 28 30 31 32 35 36 37 38 40 41 42 43 44 45 46 47 48 49
179 0 1 3 5 6 7 8 9 10 11 13 14 15 16 17 18 19 21 22 23 24 25 26 27 28 29 33 34 35 36 37 38 40 41 43 45 47 49 50 52 53 54 56 57 58 59 60 61 62 63 64 65 66 68 69 70 71 72 73 74 75 76 77 78 79 82 83 84 85 86 87 88 89 91 92 93
180 0 1 2 3 6 7 8
181 0 1 2 3 5 7 8 9
182 0 1 2 3 5 6 7
183 0 1 2 3 4 5 6 8 11 12 13 14
184 0 2 3 4 5 8 10 11 12 14 15 16 17 18 19 20 21 22
185 1 2 3 4 5 6 7 8 9 10 11 12 13
186 0 1 2 3 4 5 6 8 9 10 11 12 13 14 16 18 19 20 21 22 23 24 26 29
187 0 1 2 3 5 6 7 8 9 10 11 12 13 14 16 20 21 22
188 0 1 3 4 5 8 9 10 11 13 15 16 17 18 19 20 23 24 25 26 27 28 29 30 31 32 33 34
189 1 2 3 4 7 8 10 11 12 13 14 15 16 17 19 20 21 22 23 24 26 27 28 30 31 33 34 35 36 37 38 39 40 41 43 44 46 48 49 50 51
190 1 2 3 5 6 7 8 10 11 12 14 15 16 17 18 19 20 21 22 23 24 25 27 28 30 32 33 35 36 37 40 41 45 46 47 48 49 50 54 55 56 57 58 59 60 61 62 63 65 66 67 68 70 72 75 76 77 78 79 80 81 82 83 84 86 87 88 89 90 91 92 93 94 95 96 97 98 99 100 101 104 105 106 108 109 110 111 112 113 114 115 116 117 118 119 120 121 122 124 125 128 130 131 132 133 134 135 136 137 138 139 140 141 142 143 144 146 147 148 149 151 152 153 154 155 156 157 158 159 160 161 162 163 164 166 167 171 172 173 174 175 176 177 178 179 180 181 182 184 185 186 187 188 190 191 192 193 195 197 198 202 204 206 207 209 210 212 213 214 215 216 217 218 219 220 222 223 224 225 226 228 229 230 231 232 233 234 235 236 237 238 240 241 243 244 245 246 249 250 251 252 254 255 256 257 258 259 260 261 262 263 264 265 266 267 268 269 270 271 272 274 276 280 281 282 283 284 285 286
191 0 1 2 3 4 5 6 7 8 9 10 14 17 18 19 20 21 22 23 24 25 26 27 28 29 31 32 33 34 35 36 37 38 39 40 41 42 44 45 46 49 52 53 54 55 57 58 59 60 61 62 63 64 65 66 69 70 71 74 75 76 77 78 79 81 82 83 85 86 87 88 89
192 0 1 2 3 4 5 9 10 11 12 13 15 16 18 19 20 21 22
193 1 2 4 5 7 8 9 11 12 13 14 15 16 18 19 20 22 23 24 25 26 27 28 29 31 32
194 0 1 2 3 4 5 7 8 11 12 13 14 16 17 18 19 20 21 22 23 24 25 26 27 28 29 31 33 34 37 40 41 44 45 46 47 49 50 51 52 53 54 56 58 59 60 61 62 63 64 65 66 67 68 69 70 71 72 73 74 75 76 77 79
195 0 2 3 4 5 6 7 8 10 11 12 13 15 16 18 19 20 21 23 24
196 0 1 2 3 4 6 7 8 10 11 12 13 14 15 16 18 21 23 24 25 26
197 0 2 3 4 5 6 7 8 10 11 12 14 15 16 17 18 20
198 0 1 2 3 4 5 7 8 9 10 11
199 0 1 4 5 6 7 8 10 12 13 14 16 17 18 19 20 21 22 23 24 25 26 27 29 31 32 33 34 35 36 38 40 41 42 43
200 0 2 3 4 5 6 8
201 0 3 4 5 7 8 9 10 12 13 15 16 17 18 19 20 21 22 23 25 26 27 28 29 30 32 33 34 35 36 37 39 42 43 44 45 46 49 50 51 52 53 54 55 56 57 58 59 60 61 63 64 65 66 67 68 69 72 74 76 78 79 80 82 83 84 85 86 87 88 89 90 91 92 94 95 96 97
202 0 1 2 3 4 5 7 8 10
203 1 2 3 4 6 7 10 11 12 13 14 15 16 17 18 19 21 22 23 24 25 27 28 29 31 32 33 34 36 37 38 40 41 42 43 44 45 46 47 48 49 51 53
204 0 2 4 5 6 7 9 10 11 12 13 14 15 16 17 18 20 21 23 24 26 28 29 30 32 33 34 35 36 37 38 39 40 41 42 44 46
205 0 2 3 4 6 7 8 10 11 12 13 15 17 18 20 22 23 24 25 26 27 28 29 30 31 32 33 35 36 37 39 40 41 42 43 44 45 46 48 49 50 51 53 54 56 57 58 59 60 62 63 64 65 66 68 69 71 72 74 75 79 80 81 82 84 85 86 87 88 89 91 92 93 94 98 99 100 102 104 106 107 108 109 110 111 112 114 115 116 117 118 119 120 122 123 124 125 126 127 128 129 130 131 132 133 134 135 137 138 139 140 141 142 143 145 146 147 148 150 151 152 153 154 155 156 157 158 159 160 162 163
206 0 1 2 3 4 5 7 9 10 12 13
207 0 1 2 3 4 5 7 8 9 10 15 16 17 18 19 20 21 22 23 24 25 26 27
208 0 1 3 4 5 6 8
209 0 1 3 4 5 6 7 8 9 11 12 14
210 0 1 2 3 4 5 7 9 10 11 12 13 14 15 16 17 18 21 22 23 24 25 28 30
211 0 1 2 4 5 7 8
212 0 1 2 3 4 5 6 9 10 12 13 14 15 16 17 18 19 20 21 22 23 24 26 27 28 29 30 31 32 33 35 36 38 39 40 42 43 44 45 48 49 50 52 53 56 57 58 60 61 62 63 65
213 0 1 2 3 6 7 8 10 11 12 13
214 0 1 4 5 6 7 8 9 10 13 14 15 16 18 19 20
215 0 1 2 4 5 7 8 10 12 14 16 17 18 19 20 21 22 23 24 25 26 27 28 29 31 32 33 35 36 37 38 39 40 41 42 43 44 45 46 47 50 51 53
216 0 2 4 5 6 7 8
217 0 1 2 4 5 6 7 8 9
218 0 1 2 3 4 5 6 9
219 1 2 3 4 5 7 8 10 11
220 0 1 2 3 6 7 9 10 11 13 14 15 16 17 18 19 20 21 22 23 24 25 28 29
221 0 2 4 7 8 9 10 11 12 13 14 15 16 17 18 19
222 0 1 2 5 7 8 9 10 11 12
223 0 1 2 3 4 5 6 7 11 13 14 15 17 18 19 21 23 24 25 26 27 28 29 31 33 34 35 36 39 42 44 45 46 47 49 50 52 53 54 55 56 57 58 59 60 61 62 63 64 65 66 67 68 69 70 72 73 74 76 77 79 80 81 82 83 86 87 88 89 90 91 92 93 94 95 96 97 98 99 100 102 103 104 105 106 107 108 109 110 111 113 114 115 116 117 118 121 122 123 124 125
224 0 1 2 3 5 7 8 9 10 11 12 13 15 16 18 19 20 22 25 26 27 28 29 30 32 33 34 35 36 37 40 41 42 44 45 47 48 49 50 51 53 54 55 56 57 58 59 60 61 62 63 64 65 66 67 68 69 71 72 73 74 75 76 77 78 79 80 82 83 84 85 86 87 89 92 94 96 97 98 99 100 101 102 103 106 107
225 1 2 3 4 6 7 8 10 11 12 14 15 16 17 18 20 21 22 23
226 0 2 3 4 5 6 7 9 10 11 13 14 15 16 17 18 20 21
227 0 3 4 5 6 7 8 9 12 14 15 17 18 19 20 21 23 24 25 26 27 28 29 30 31 33 34 35 36 37 38 39 41 42 43 44 46 47 49 50 51 52 53 54 56 57
228 0 1 3 4 5 6 7 8 9 10 12 13 14 15 16 17 18 19 20 22 24 25 27 28 29 32 33 34 35 36 37 38 39 40 41 42 43 44 45 46 48 49 50 51 52 54 56 57 58 59 61 64 65 66 67 69 71 72 73 74
229 0 1 3 5 7 8 9 10 12 13 14 15 16 17 19 20 22 23 24 25 26 27 28 29 30 31 32 33
230 0 1 2 3 4 6 7 8
231 0 1 3 4 5 6 7 8 9 10 12 13 15 16 17 18 19 20 22 24 27 28 29 31 32 33 34 35 36 37 38 40 41 42 44 46 47 48 49 50 51 52 53 54
232 0 1 2 3 4 6 7 8 9 11 15 16 17 18 19 20 21 23 24 25
233 0 2 4 5 6 8 9 10 11 12 14 15 16
234 1 2 3 4 5 6 8
235 0 1 2 3 4 6 7 9 10 12 13 15 16 17 18 19 20 21 22 24 26 27
236 0 1 2 3 4 6 7 8 9 11 12 14
237 0 1 2 3 4 5 7 8 9 10 12 13 14 15 18 19
238 0 1 2 3 5 6 8 9 12 13 14 15 17 18 20 21 22 23 24 27 28 29 30 31 32 33 34 35 36
239 0 1 2 3 4 5 7
240 0 1 2 4 5 6 7 8 10
241 0 2 3 5 6 7 8 9 10 13 14 15 16 17
242 0 1 2 3 5 6 7 8 10 11 12 15 17 18 19 20 21 23 24 25 26 27 28 29 31 32 33 34 35 36 37 38 39 40 41 42 43 44 45 49 50 51 53 54 55 56 57 58 59 60 62 64 65 66 67 68 69 70 71 72 73 75 76 79 80 81 82 83 86 87 88 89 92 94 95 96 97 98 99 100 101 102 104 105 106 107 108 109 110 111 112
243 0 1 3 4 5 6 7 8 9 10 11 12 13 14 15 16 19 20 21 22
244 0 1 2 4 6 7 8
245 0 1 3 4 5 7 8 9 10 11 12 14 15 17 18 20 21 22 23 24 25 26 28 29 30 31 32 33 36 37 39 40
246 2 3 4 5 6 7 9 10 12 13 14 15 16 17 18 19 21 22
247 0 1 2 4 6 8 9 10
248 0 1 2 3 4 6 7 8 9 10 11 12 13 14 16 17 18 19 20
249 0 2 3 4 6 7 8 9 10 11 13
250 1 2 3 6 7 8 9 10 11 12 13 14 16 17 18 19 20 21 22 23 24 25 26 27 29 30 31 32 33 34 35 36 38 40 41 44 45 46 47 48 49 51 52 53 55 56 57 58 60 61 62 63 64 65 66 68 69 70 71 72 73 75 76 78 79 80 81 82 83 84 85 86 87 88 90 93 94 95 96 98 99 100 101 102 103 104 105 107 109 110 111 112 113 114 115 117 118 119 120 121 122 125 126 127 130 131 133 135 136 137
251 0 1 3 4 5 6 8 10 11 14 15 16 17 18 20 21 22 23 25 26 27 29 30 31 32 33 34 35 37 39 40 41 42 43 44 46 47 48 49 50 51 52 53 54 55 57 58 59 60 61 64 65 66 67 70 71 72 74 75 76 77 78 79 80 81 83 84 85 86 88 89 90 91 92 94 96 97 98 99 100 101 102 103 104 105 106 107 108 109 110 112 113 114 115 116 118 119 120 121 122 123 124 128 129 130 132 133 134
252 0 2 3 5 6 7 8 10 12 13 14 18 19 20 21 22 23 24 25 26 27 28 29 31 32 33 34 35
253 0 1 2 4 5 7 8 10 11 12 13 14
254 0 1 4 5 6 7 8 9 10 11 12 13 14 15 16 17 18 19 20 21 22 23 25 27 28 29 30 31 33 34 35 36 37 38 39 40 41 42 43 44 46 48 49 50 51 52 53 54 55 56 57 58 60 61 62 63 64 65 67 69 70 71 72 74 75 76 77 78 80 82 86 88 89 92 94 95 96 97 98 99 100 101 102 103 104 105 106 107 109 110 112 114 116
255 0 2 4 6 7 8 9 10 11 13 14 15 16 17 18 19 20 21 22 23 24 25 26 28 29 30 31 33 35 36 37 38 39 40 41 42 43 44 46 47 48 50 51 54 56 57 58 60 61 62 63 64 66
256 0 1 2 3 4 5 6 7 8 9 10 11 12 13 14 15 16 17 18 19 20 21 22 23 24 25 26 27 29 30 31 32 33 35 38 39 41 42 43 44 45 46 47 48 49 51 53 55 56 57 58 60 61 62 64 66 67 68 69 70 72 73 74 75 76 77 79 80 81 82 83 84 85 87 88 89 90 92 94 95 97 98 99 100 102 103 105 106 107 109 110 111 112 114 117 118 119 121 122 124
257 0 1 2 3 4 5 6 7 8 10 11 12 13 15 16 17 19 20 22 24 25 27 28
258 0 3 4 5 6 7 8
259 0 2 3 4 5 7 9 10 11 12 13
260 0 1 5 6 7 8 9 10 11 12 13 14 15 16 18 19 20 21 22 23 24 26 28 29 30 31 32 33 34 35 36 38 39 40 43 44 45 47 48 49 50 51 52 53 55 57 59 61 62 63 64 65
261 0 2 4 5 6 7 8 9 11
262 1 2 4 5 6 8 9 10 12 13 14 15 16 17 18 20 21
263 0 1 2 3 4 5 6 7 9 10 12 13 14 15 16 17 18 22 23 24
264 0 3 5 6 7 8 9 10 11 12 13 14 15 16 18
265 0 1 2 3 6 7 8 9 10
266 0 1 2 3 4 5 6 8 9
267 0 2 5 6 7 8 9 10 11
268 0 1 3 4 7 8 9 10 11 12 13 14 15 16 17 18 19 20 21 24 26 27 28 29 31
269 0 1 2 4 5 6 8 9 10 11
270 0 3 4 6 7 8 9 11 12 13 14 15 17 18 19 20 21 22 23 24 25 26 27 29 30 31 33 34 35 36 38
271 0 1 2 4 6 7 9 10 11 12 13 14 15 16 17 19 20 21 22 25 26 27 28 29 30 32 33 34 35 37 38 39 41 42 44 45 46 47
272 0 1 2 4 5 6 8 11 12 13 14 15 16 17 18
273 0 1 2 3 4 5 7 9 11 12 14 15 16 17 18 19 21 23 24 25
274 0 2 3 4 5 6 7 8 9 10 11 12 13 14 15 17 18 19 21 22 24 25 26 29 30 31 34 35 36 37 39 40 41 42 43 44
275 0 1 2 3 4 5 6 7 10 11 12 13 14 16 17 19 20 21 22 24 25 27 28 29 31 32 33 34 37 38 39 40 41 42 43
276 1 2 3 5 6 7 8 9 10 11 12
277 0 1 3 4 5 6 7 8 9 10
278 0 3 4 5 6 7 9 10 11 12
279 1 2 3 5 6 7 8 10 11 12 14 16 17 18 19 20
280 0 1 3 5 7 8 10 11 12 13 14 15 16 17 18 19 20 21 23 24 25 26 28 30 31 32 34 35 36 37 38 40 41 43 44 45
281 0 2 3 4 5 7 8 9 11 12 13 14 15 16 17 19 21 22 23 24 25 26 28 29
282 1 2 3 6 7 8 9 11 13 14 15 16 17 18 19 20 21 22 24 26 27 28 29 30 31 32 33 34 35 36 38 39 40 42 44 45 46 47 48
283 0 1 3 4 5 7 9 10
284 0 1 2 4 5 7 8 9 10 11 12 13 14 15 16 17 20 21 22 23 24 25 26 28 29 31 33 35 37 38 40 41 42 43 44 45 46 47 49 50 51 52 53 54 55 56 57 60 61 62 65 66 67 68 69 71 72 73 74 76 77 78 80 81 83 84 85 86 87 88 89 90 91 92 93 94 95 96 98 100
285 0 1 3 4 6 7 9 10 12 13 14 15 16 17
286 0 1 2 3 4 5 7 8 9 10 11 12 13 14 16 19 20 21 22 23 25 26 27 29
287 1 2 3 6 8 9 10 11 12 13 14 15
288 0 1 2 3 6 7 8 10 11 12 13 14 17 18 19 20 21 22 23 24 25 26 27 28 29 31 32 33 35 37 38 39 40 42
289 0 1 2 3 5 6 7 8 10 11 12 13 14 15 18 19 20 22
290 1 2 3 4 5 6 7 8 9 12 14 15 16
291 0 1 3 4 5 6 7 8 9 10 11
292 0 1 2 3 4 5 6 7 8 9 10 12 13 14 15 16 17 18 19 20 21 22 23 25 29 30 31 34 35 36 37 38 39 41 43 44 45 47 48 49 50 53 54 55 57 59 60 61 62 63 64 65 66 67 68 69 71 72 73 74
293 1 2 3 5 6 7 8 9
294 0 1 2 3 4 6 8 9 10 12 13 14 15 16 17 19 21 22 24 26 27 29 30 31 32 34 35 36 37 38 39 40 41 42 43 44 45 46 47
295 1 4 5 7 9 10 11 12 13 14 15 16 17 19 20 21 24 25 26 28 29 30 31 33 34 35 37 38 39 40 41 42 43 46 47 48 49 50 51 52 53 56 57 58 59 60 61 62 63 64 65 66 67 68 69 70
296 3 4 5 6 8 9 10 11 12 13 14 15
297 0 1 2 5 7 9 10 11 12 13 14 15 16 18 19 20 21
298 0 1 2 3 5 6 7 9 11
299 0 1 3 5 6 7 8 9 10 11 12 13 14 15 16 17 19 20 21
300 0 2 3 5 6 7 8 9 11 12 13 15 16 18 19 20 21
301 1 3 4 5 6 9 10 12 14 15 16 17 18 20 21 22 23 24 25 26 27 28 30 32 33 34 35 37 38 39 40 42 43 44 45 46 47 48 49 50 51 52 53 55 56 57 58 59 60 61
302 0 3 4 5 7 8 9 11 12 13 14 16 17 18 19 20
303 0 1 2 3 5 7 8 9 10 11
304 0 1 2 3 6 7 8 9 10 13 14 15 16 17 18 19
305 0 1 3 6 7 8 9 10 11 12 13 14 15 16 17 18 19 20 21 22 23 24 25 27 28 29 30 31 33 34 35 36 37 38 40 41 42 43 44 46 47 48 50 52 53 55 57 58
306 0 1 3 5 6 7 9 10 12 14 15 16 17 18 19 20 21 22 23 24 25 27 28 29 30 32
307 0 1 2 3 4 5 6 7 9 10 11 13 14 17 18 19 20 22 23 24 26 27 28 31 32 33 34 36 37 38 40 42 43 44 45 46 47 50 51 52 54 55 56 57 59 60 61 62 63 64 65 66 67 68 69 70 71
308 0 1 2 3 4 5 6 8 10 11 12 14 15 17 19 20 22 23 25 27 28 29 30 31 33 35 36 37 38 39 40 41 42 43 44 45 48 49 50 52 54 55 56 57 58 59 60 61 62 63 64 65 66 67 68 69 71
309 0 1 2 4 5 7 8 10 11 12
310 0 1 2 3 5 6 7 8
311 0 1 2 3 4 6 7 8 9 10 11 13 14 18 19 20 21 22 23
312 1 3 4 5 6 7 8
313 1 4 5 6 7 8 9 10 11 12
314 0 3 5 6 7 8 9 12 13 14 15 16 17 18 19 20 21
315 0 1 2 3 4 6 8 9 11 12 13
316 0 1 2 3 4 6 7 9 11 12 13
317 0 3 4 5 6 7 8 9 10 12
318 0 1 2 3 4 5 6 7 9 10 12 13 14 16 19 20 21 22 23 25 26 28 31 32 33 34 35 36 37 38 39 40
319 0 1 2 3 5 6 8 9
320 0 1 2 3 4 5 7 8 10 11 12
321 0 1 2 4 6 7 9 10 11 13 14 15 16
322 0 2 3 4 5 6 7 8 9 10 11 13 14 15 16 17 18 19 21 23 24 26 27 28 29 30 31 32 33 34 35 36 37 39 41 43 44 45 46 47 48 51 52 53 54 56 57 58 59 60 61 62 63 64 65 66 67 68 70 71 72 73 74 75 76 78 79 80 81 82 87
323 0 1 2 3 4 6 9 10 11
324 0 2 3 5 6 7 8 9
325 0 1 2 3 4 5 6 7 8 9 10 12 15 16 17 18 19 20 22 23 24 25 26 27 30 31 33 34 35 36 37 39 40 43 44 45 46 47 48 49
326 0 2 3 5 6 7 9 10 13 14 16 17 18 19 21 22 23 24 25 26 27 28 29 30 31 32 33 35 36 37 38
327 0 2 3 4 5 6 7 8 9
328 0 3 4 5 6 8 9 10 12 13 14 15 16 17 18
329 0 1 2 4 5 6 8 9 10 11 12 13 14 15 18 19 21 22 23 24 25 26 27 28 29 32 33 34
330 0 1 2 3 4 6 7 8 9 10 11 16 17 18 19 20 21 22 23 24 25 26 27 29 30 31 32 33 34 35 36 40 41 42 43 44 46 47
331 0 1 2 6 8 9 11 12 13 14 15 16 17 19 20 21 22 23 24 25 26 27 29 30 32 33 34 35 36 37 38 39 40 41 42 43 44 45 46 48 50 51 52 53 55 56 57 58 59 60 61 62 63 65 67 68 70 71 73 74 75 76 77 78 79 81
332 2 3 4 6 7 10 11 12 13 14 15 16 18 19 21 23 24 26 29 30 31 32 33 34 35 36 37 38 39 40 41 42 43 44 45 46 47 48 51 52 53 54 55 56 57 58 59 60
333 0 1 2 3 4 5 6 8 9 10 11 12 14 16 17 18 19 23 24 25 26 28 29 30 31 32 33 34 35 36 37 38 40 42 44 45
334 0 1 2 3 4 5 7 9 10 12 14 15 16 17 18
335 0 1 2 5 6 8 9 10 11 12 14 15
336 0 1 2 3 4 6 7 8 9 11 12 13 14 15 17 19
337 1 2 3 4 5 6 7 8 10 11 13 15 17 18 20 21 22 23 24 25
338 0 1 2 3 4 5 6 7 8 9 11 12 13 14 15 16 17 19 21 22 23 24 25 27 28 31 32 33 34 36 37 38 39 41 44 46 47 48 49 50 52 53 54 57 58 59 60 61 62 63 64 66 67 68 69 70 71 72 74 75 76 77 78 79 80 82 83 84 85 87 88 89 90 91 92 95 96 98 100 101 102 103 104 105 106 107 108 111 112 113 114 115 116 118 119 121 122 124 126 127 128 129 130 131 132 133 134 135 136
339 0 1 2 4 5 7 9 10 12 13 14 15 17 18 19 20 21 22 23
340 0 2 3 4 6 7 8
341 0 1 2 3 4 6 7 8 9 10 11 12 13 14 16 17 18 19 20 21 22 24 25 26 27 28 29 30 31 32 34 37 39 40 41 42 43 44 45 46 47 48 49 51 52 53 56 57 59 61 62 63 64 68 69 70 71 72 73 74 75
342 0 2 3 5 6 7 8 10 11 12 14 15 16 17 18 19 22 23 24 25 27 28 29 30 31 32 33 34 36 37 38 39 41 42
343 0 1 2 3 5 6 7 8
344 0 1 2 3 4 5 6 7 8 9 11 12 13 15 16 17 19 21 22
345 1 2 3 4 7 9 10 11 13 15 16 18 20 21 22 23 24 25 26 27 28 29 32 33 34 35 36 37 38 39 40 41 42 43 45 46 47 48 49 50 51 52 53 54 55 56 57 58 59 60 61 63 64 65 66 69 71 72 74 76 77 78 79 80 82 83 84 85 86 87 88 89 90 91 92 93 95 96 97 99 102 103 104 105 106 107 108 111 112 114 115 116 118 119 120 121 122 123 124 125 126 127 129 131 132 133 134 135 136 137 138
346 0 1 2 4 5 6 7 9 10 11 12 14 16 17 19 23 24 26 28 29 30 31 32 33 34 35 36 37 38 39 41 43 45 47 49 50 51 52 54 55 56 57 58 59 60 61 62 63 64 65 66 67 68 69 71 72 73 74 75 76 77 78 79 80 81 82 83 84
347 0 1 2 3 5 7 8 9 11
348 0 1 3 4 6 7 8
349 1 2 4 5 6 7 8
350 0 2 3 4 5 6 7 8 10 11 12 13 14 16
351 2 3 6 7 8 9 10 11 12 13 14 15 16 17 19 20 21 22 23 24 25 26 27 28 29 30 31 33 34 35 36 37 39 40 41 44 46 47 48 49 50 51 53 54 55 56 57 58 61 63 64 65 66 69 72 73 74 76 77 78 79 80 81 82 83 87 88 89 90 91 92 93 94 95 96 99 100 101 102 103 104 106 107 108 109 110 111 112 113 114 115 116 118 120 122 123 124 125 127 128 129 130 131 132 135 136 137 138 139 140 141 142 143 144 146 147 148 150 151 152 153 154 155 156 158 159 160 161 162 163 165 166 167 168 169 170
352 0 1 2 3 4 6 7 8 10 11
353 0 1 2 3 5 6 7 8
354 1 2 3 4 5 6 8
355 0 2 3 4 5 6 9 10
356 0 1 3 4 6 7 9 10 11 12
357 0 1 2 3 4 5 8 10 11 12 13 15 16 17 18
358 0 2 3 5 6 7 8
359 0 2 3 4 5 6 8 9
360 0 1 2 3 5 6 7 9 10 12 13 14 15 16 18 19
361 0 1 3 4 7 8 9 10 11 12 13 14 16 19 20 21 23 24 25 26 27 28 31 32 33 35 36 38 39 40 41 42 43 44 47 48 49 50 51 52 53 54 55 56 57 58 60 61 62 63 64 65 66 67 68 69 70
362 1 3 4 5 6 7 8 9 10 11 12 13 14 16 17 18 19 21 22 23 24 25 27 28 29 30 31 33 34 35 36 37 38 39 40 41 42 43 44 45 47 48 49 50 53 54 55 56 58 59 60 62 64 65 67 68 69 72 73 74 75 76 78 79 81 82 83 84 85 86 88
363 0 1 2 4 5 6 8 9
364 0 1 3 5 6 7 8 9 10 12 13
365 1 3 5 6 7 8 9 10 11 12 13 15
366 0 1 2 4 5 6 7 8 9 10 12 13 16 17 18 19 20 21 22 24 26 27 28 30 31
367 0 1 2 3 4 5 7 9 10
368 0 1 3 4 7 8 9 10 11 12 13 14 15 16 17 19 20 21
369 0 1 2 3 4 5 6 7 8 9 10 11 12 13 15 17 19 20 22 23 24 25 26 27 28 29 30 33 36 37 38 39 40 41 43
370 2 3 4 5 6 7 8 9 10 11 12 14 15 16
371 0 1 2 4 5 6 8 9 10 12 13 14 16 17 18 19
372 0 1 2 3 5 6 7 10
373 0 1 2 3 4 6 7 8 9 11
374 0 2 3 5 6 8 9 10 11 12
375 0 1 3 4 5 6 7 8 9 10 12 13 14 15 16 18 19 20 23 24 25 26 27 28 31 32 34 35 36 37
376 0 1 2 4 5 6 7 8 10 11 12 13 16 17 18 19
377 0 2 3 4 5 6 7 9 10 11 12 13 14 15 16 17 20 21 22 23 24 26 27 28 29 31 32 33 34 36 37 38 39 40 41 42 43 44 46 48 50 51 52 53 54 55 57 58 59 60 61 62 63 64 67 68 69 70 71 72 73 75 76 77 78 79 80 82 84 85 86 87 88 89 90 91 92 93 94 95 96 97 98 99 101 103 104 105 106 107 108 109 111 112 113 114 115 119 120 121 122 123 124 125 127 129 131 132 133 135 137 139
378 2 3 4 5
379 0 1 2 3 5 7 8 9
380 0 2 3 4 5 6 7 8 9 10 12 13 14 15 16 17 18 20 21 22 23 24 26 29 31 32 33 34 35 36 37 39 40
381 0 2 3 4 6 7 8 9
382 0 1 2 3 5 6 7 8 9 11 13 14 15 17 19 21 23 24 25 26 27 28 29 30 31 33 34 35 36 38 39 40 41 42 43 44 46 47 48 49 50 51 52 53 54 55 56 58 59 61 62 63 65 66 68 72 73 74 77 78 79 80 81 83 84 85 86 87 88 89 90 91 92 93 94 95 96 97 98 99 100 102
383 0 1 2 3 5 6 7 8 9 10 16 17 18 19 20 21 22 23 24 25
384 0 1 2 3 4 7 8 9 10 11 12 13 15 17 18 19 20 21 22 24 25 26 27 28 29 30 31 33 35 37
385 2 4 5 6 7 8 9 10 11 12 13 14 15 16 17 18 20 21 22 24 25 26 27 30 31 32 33
386 1 2 3 4 5 6 7 8 9 10 11 12 15 16 17 19 20 21 23 24 25 26 27 29 31 32 33 34 35 36 38 39 40 41 42 44 45 46 48 49 50 52 54 55 56 59 60 61 62 63 64 65 66 67 68
387 0 1 2 3 5 6 9 10 11 12 13 15
388 0 2 3 5 6 7 8 9 11 12 13 14 15 16 17 18 19 20 21 22 24 27 28 29 30 32 33 35 36 37 38 39 40 41 42 43 44 45 48 49 50 51 52 54 55 56 57 58 59 60 61 62 63 64 65 67 69 70 71 72 73 74 76 77 78 81 82 83 85 88 89 90 91
389 0 1 2 3 6 7 8 10 11
390 0 2 5 6 7 8 9 10 11
391 0 1 2 3 4 7 9 10
392 0 2 3 4 5 6 7 10
393 1 2 3 4 5 6 7 9 10 11 14 15 16 18 19 20 21
394 0 2 3 5 6 7 8 9 10 12 13 15 16 18 19 20 21 22 23 24 25 26 27 29 31 32 33 34 35 37 38
395 0 2 3 4 5 7 8 10 11
396 0 1 2 3 4 6 7 8 10 11 12 13 14 16 18 21 22 23 24 25 26 27 28 29 30 32 33
397 0 1 2 3 4 5 6 7 8 9 10 12 14 15 16 17 18 21 22 24
398 3 4 5 6 7 8 9 10 11 12 13 15 16 17 18
399 0 1 3 5 6 7 8 9
400 1 2 4 5 6 7 9 10
401 0 1 3 4 5 6 7 8 9 10 11 12 16 17 18 19 21 22
402 0 1 3 4 6 7 9 10 11 12 13 14 16 17 18 19 20 21 22 24 26 27 28 29 31 33 35 36 37 38 39 40 41 42 43 44 45
403 1 4 5 6 8 9 10 11 12 13 14 15
404 1 2 3 4 5 6 7 8 9 10 11 12 14 16 17 19 21 22 23 24
405 0 1 2 3 4 5 8 9 10 11 12 13 15 16 17 19 20 21 22 23 24 26 29 30 31 32 33 34
406 0 1 2 3 4 5 7 9 10 11 12 13 15 16 17 18 20 21 22
407 0 1 2 4 5 7 8 9
408 1 2 4 5 6 7 8 9 11 12 13 16 18 19 20 22 24 25 26 27 28 30 31 32 33 34 35 36 37 38 39 40 41
409 0 2 3 4 5 6 7 8 9 10 11 13
410 0 1 2 3 4 5 6
411 0 1 2 3 4 5 6 7 8 9 10 11 12 14 16 18 19 20 23 25 26 27
412 0 1 3 4 6 8 9 10 11
413 1 2 3 4 6 7 8 9 10 11 12 13 15 16 18
414 1 2 3 4 5 6 8 9
415 0 3 4 5 6 7 8 9 10 11 12 13 14 15 16 17 18 19 22 24 25 27 28 29 30 31 32 33 36 37 38 39 41 42 43
416 0 1 2 3 4 6 7 9 11 12 13 14 15 16 17 19 20 21 22 23 25 26 27 28 31 33 34 36 37 38 39 40 42 43 44 45 46 47
417 0 1 2 3 5 6 8 9
418 0 1 3 4 5 6 8
419 0 1 2 3 4 5 6 7 8 9 10 11 12 13 14 15 16 17 18 20 21 22 26 29 30 32 33 35 36 37 38 39 40 41 42 43 44 45 47 48 49 50 51 52 53 55 56 57 58 59 60 61 62 63 64 65 66 69 71 72 73 74 75 77 78 80 81 83 85 87 88 89 90 91 92 93 94 95 96 99 100 101 103 104 105 106 107 108 109 110 111 113 114 115 117 118 119 122 123 124 125 126 127 129 131 132 133 134 136 138 140 143 144 145 146 147 148 149 150 151 152 153 155 156 157 158 159 160 161 163 164 166 167 168 169 170 171 172 173 174 176 177 178 180 181 182 183 184
420 0 2 3 4 5 6 7 8 9 10 11 12 13 15 16 17 18 19 20 24 25 27 28 29 30
421 0 2 3 4 5 6 7
422 1 2 3 4 5 6 7 8 9 10 12 14 15 16 17 19 20 21 23 24 25 26 27 29 30 31 33 34 35 36 37 38 39 40 41 43 44 46 47 48 49 51 53 54
423 0 1 2 3 4 6 7 9 11
424 0 1 2 3 4 6 7 8 9 11 13 14 15 16 17 18 19 20 21 22 24 25 26 27 31 32 33 34
425 0 1 2 3 4 5 6 7 8 9 10 12 13 15 16 18 20 21 22 23 24 25 27 29 30 31 32 33 34 35 36 39
426 0 1 2 3 4 5 6 7 9 10 14 15 16 17 18 19 20 21 22 23 26 28 29 30
427 0 1 2 3 4 5 6 7 9 11 13 14 15 17 18 20 21
428 1 2 3 4 5 7 8 10 11 12 13 14 15 16 17 18 19 20 22 23 24 26 27 30 32 33 34 35 36 37 38 39 40 41 43 45 46 47 48 49 50 52 53 55 56 57 59 60 61
429 0 1 2 4 5 7 8 9 10 12 13 14 15 17 18 20
430 0 2 4 6 7 8 9 10 11 12 13 14 15 16 18 19 20 21 22 24 26 27 28 29 30 31 32 33 34 35 36 37 38 39 41 44 45 47 48 49 50 51 52 53 55 56 58 59
431 0 1 3 4 7 8 9 10 12 13 14 15 16 17 19 20 21 22 24 25 26 27 28 29
432 0 1 2 3 4 5 6 7 8 9 10 11 12 13 14 15 17 18 19 21 23 25 26 27 28 30 31 33 35 36 37 38 40 42 43 44 45 46 47 48 49 50 52 53 54 55 56 57 58 59 60 61 62 64 65 66 67 68 70 72 73 74 75 76 77 79 80 82 83 84 86 89 90 91 92 94
433 0 2 3 4 5 6 7 8 9 10 12 13 14 15 16 17 18 19 20 22 23 24 25 26 27 29 31 32 34 35 37 38 39 40 41 44 45 46 47 48 49 50 51 53 54 55 56 58 59 60 61 62 63 64 67 68 69 70 71 72 73 76 77 78 79 80 81 82 83 86 88 90 91 92 93 94 95 96 98 100 101 102
434 0 1 2 3 5 6 8 9 10 11 12 13 14 15 19 20
435 0 2 3 4 7 8 9 10 11 12 13 14 16 18 19 21 22 23 24 25 26 27 29 30 31 32 33 35 37 38 39 40 41 42 43 44 45 46 48 49 50 51 52 55
436 0 1 2 3 5 6 8 9
437 0 1 3 5 6 8 9 10 11 12
438 0 1 2 3 5 6 8 9 10 12
439 0 1 2 3 4 5 6 7 10 11 13
440 0 1 2 3 4 5 6 7 8 9 10 11 12 13 16 17 19 20 21 22 23 24 25 26 27 28 29 31 32 33 35 38 39 41 42 43 45 46 48 49 50 51 52 53 54 55 56 57 58 59 61 62 63 64 65 66 67 68 71 74 75 77 78 79 80 81 82 83 85 86 88 90 91 93 94 95 96 97 98 99 100 101 102 103 104 105 108 110 111 112 113 114 116 117 118 119 120 121 122 125 126 127 128 130 131 132 135 136 137 138 139 140 141 142 144 145 146 147 148 149 151 152 153 154
441 0 1 2 3 6 8 9 10 11 12 13 14 15 16 17 18 19 20 21 25
442 0 1 2 3 5 6 7 9 10 12 13 14 16 17 18 19 20 22 23 24 25 27 28 29 30 31 33 34 35 36 37 38 40 41 43 44 45 46 47 48 49 50 51 52 53 54 55 56 60 61 62 64 66 67 68 69 70 71 72 73 75 76 77
443 0 1 2 3 4 6 7 8 9 10 12 13
444 0 1 3 4 5 6 8 9 12 13 14 15 16
445 0 1 3 4 5 7 8 10 11
446 0 2 3 4 5 6 7 8 10 11 12 14
447 0 2 4 6 7 8 9 10 11 12 13 14 15 16 17 18 20 21 22 23 24 25 26 27 28 31 33 34 36 37 40 41 43 45 46 47 48 49 50 51 52 53 54 55 56 57 58 59 60 61 62 64 65 66 67 68 70 72 73 74 76 77 79 80 81 82 84 85 86 87 88
448 0 1 2 4 5 6 7 8 9 11 13 14 15 16 17 20
449 0 1 2 5 7 8 9 10 11 12 13
450 0 1 4 6 7 8 9 10 11 12 13 14 16 17 18 19 20 21 22 24 25 26
451 0 2 3 4 5 6 7 8 9 11 12 13 15 16 17 21 23 24 25 26 27 28 29 30 31 32 33 34 35 36 38 39 40 41 42 43 44 45 46 47 49 50 51 53
452 1 2 3 4 5 6 7 8 9 12
453 0 1 3 4 5 6 8 9 11 12 13 14 15 16 17 18 19 22 23 24 25 26 27 28 29 30 32 33 34 35 36 37 38 39 40 42 43 44 45 46 48 49 50 51 52 54 55 56 57 58 59 62 63 64 65 66 67 68 70 71 73 74 75 77 79 81 83 84 85
454 0 1 2 3 4 6 7 8 9 10 11 12 13 15 16 18 19 20 25 26 27 28 29 30 31 32
455 0 1 2 3 4 6 7 8 9 10 11 12 13 15 16 17 18 19 20 21 22 23 24 26 27 29
456 0 1 2 3 4 5 8 9
457 0 1 2 4 6 7 8 9
458 0 1 2 3 4 8 9 10
459 0 1 3 5 6 7 8 9 11 12 13 14 15 16 17 18 19 20 21 23 24 26 27 28 29 30 31 33 35 36 37 38 39 40 41 42 43 44 45 46 47 48 51 52 53 57 58 59 60 61 62 63 65 66 67 68 69 70 71 72 73 77 79 80 81 82 83
460 0 1 2 3 4 6 9 10 11 12 13 14
461 0 1 2 3 4 5 6 7 9 12 13 15 16 17 18 19 20 21 22 23 24 25 27 28 30 32 33 34 36 37 38 39 40 41 42 43 45 47
462 0 1 2 3 4 5 6 7 8 9 10 14 15 16 17 19 20 22 23 24 26 27 28 30 32 34 35 36 37 38 39 40 41 42
463 0 1 2 3 6 7 9 13 14 15 16 17 18 19 20 21 22 24 25 26 27 28 29 30 32 33 34 35 37 38 39 42 46 47 48 49 50 51 53 54 55 56 57 58 60 62 63 64 65 66 67 68 70 71 72 73 75 76 78 80 81 82 84 85 87 89 90 92 93 94 95 96 97 98 99 100 101 102 103 104 105 106 107 108 109 110 111 112 115 116 118 119 120 122 123 125 126 127 128 129 130 131 132 133 134 135 136 138 139 140 142 143 144 145 146 147 148 149 150 151 152 154 155 156 157 158 159 160 161 162 163 164 165 167 168 170 171 172 173 174 175 176 177 178 179 180 181 182 183 184 186 187 191 192 195 196 197 198 199 200 202 203 204 205 206 208 209 210 212 213 214 215 216 218 219 220 221 222
464 0 1 2 3 7 8 9 10 11 12 13 14 16 17 18 19 20 22 24 26 27 28 29 30 31 32 33 35 36 38 39 40 42 43 44 45 46 48 49 53 54 55 56 57 58 59 60 62 63 65 66 67 68 69 70 71 73 74 75 76 77 78 80 81 82 83 84 86 87 88 89 91 92 93 94 95 96 97 98 100 102 103 104 105 106 108 109 110 111 113 114 115 117 118 119 120 121 122 123 124 126 127 128 129 130 131 132 133 134 135 136 138
465 0 1 2 3 4 6 7 8 9 10 11 12 13 14 15 16 17 19 20 21 22 23 24 26 30 31 32 34 35 36 38 39 40 42 43 44 45 46 48 50
466 0 1 2 4 6 7 8 10 11
467 0 1 2 3 4 5 6 7 8 9 10 11 14 15 16 18 19 22 23
468 1 2 3 5 7 8 10 11 13 14 15 16 17 18 19 20 21 22 24 25 26 28 29 30 31 33 34 36 37 38 39 40
469 0 2 4 5 6 7 8 9
470 1 2 3 4 5 6 7
471 0 1 2 3 4 7 8
472 1 3 4 5 7 8 9 11 12 13 14 15
473 0 1 3 4 5 6 7 10 11 12 14 15 17 18 19 20 21
474 2 3 4 5 6 7 8 9 10 11 13 14
475 0 2 3 4 5 7 8 9 10 11 12 13 14 15 16 17 18 19 20 21 22 23 24 25 26 28 29 30 31 34 36 37 40 41 42 43 44 45 46 47 48 49 51 52 53 55 56 57 58 59 60 61 62 63 64 65 66 67 68 69 70 71 73 74 75 76 77 79 80 83 84 85 86 87 88 90 91 92 98 99 101 102 103 104 105 106 107 109 111 112 113
476 0 1 2 3 4 6 8 9 10 11 12 13 14 17 18 19 20 21 23 24 25 28 29 30 31 33 34 35 36
477 0 1 2 3 4 5 7 8 10 11 12 14 15 16 17 18 19 20 21 23 24 26 27 31 32 34 35 36 37 38 39 40
478 1 2 3 4 5 6 7 8 9 10 12 13 14 16 17 19 21 23 24 25 26 27 28 29 30 31 33 34
479 0 2 3 4 6 7 8
480 0 1 2 3 5 6 7 8 9 10 11 12 13 14 15 16 18 19 22 24
481 0 1 2 3 5 7 8 11 13 14 15 16 18 20 22 23 24 25 26 27 28 29 30 33 35 36 38 39 40 41 42 43 44 45 46 48 50 51 52 53 54 55 56 57 58 60 61 62 63 64 65 66 67 68 69 70 71 72 73 74 75 76 77 78 81 82
482 0 1 2 3 4 5 6 7 9 10 11 12 13 14 15 17 18 19 22 23 24 25 26 28 30 32 33 34
483 0 2 3 4 5 7 8
484 0 1 2 3 5 7 8 9
485 2 3 4 5 6 7 9 10 11 12 13 14 15 16 18 19 21 22 23 24 25 26 27 28 29 30 31 32 33 36 37 38 39 40 41 42 44 45 46 49 50 51 52 54 57 58 59 60 61 62 63 65 66 67 69 70 71 72 73 74 79 81 82 83 84 85 86 87 88 89 90 92 94 95 96 97 98 99 100 101 102 104 105 108 109 110 111 112 113 114 115 116 117 118 119 120 121 122
486 0 2 5 6 7 8 9 10 11
487 0 1 2 3 5 6 8 9 10 11 12 13 14 17 19 20 21 22 23 24 25 26 29 30 31 32 33 34 35 37 38 39 41 42 43 44 45 46 47 48 49 50 52 54 55 56 58 59 60 62 64 65
488 0 1 3 4 5 6 8 9
489 0 2 3 4 5 8 9 10 12 13 15 16 17 18 19 20 21 22
490 0 1 3 4 5 6 8 10 11 12
491 0 2 4 5 6 7 8 9
492 0 1 2 3 4 6 7 8 9 10 11 13 15 16 18 19
493 0 1 2 3 4 6 7 8 10 11
494 0 1 2 3 4 5 6 7 9 10 12 13 15 16 17 18
495 1 2 3 4 5 8 9 10 12 13 14 15 16 17
496 1 2 4 5 6 7 8 9
497 0 2 3 4 6 7 8
498 0 1 3 4 5 6 7 8
499 0 1 2 3 5 8 11 12 14 15 16 17 18 19 20 21 22 23 25 26 27 28 29 31 32 33 34 35 36 38 39 40 41 42 43 44 45 47 49 50 51 52 53 54 55 56 57 59
500 0 1 2 5 6 7 8 9 11 12 13 14 15 16 17 18 19 21 22
501 0 1 2 3 4 6 9 10 11 12 13
502 0 3 4 6 7 8 9 10 12 13 14 15 16 17 18 19 21
503 0 1 2 3 5 6 7 8 10 12 13 14 15 16 17 18 19 20 21 22 23 25 26 27 28 29 30 33 34 36 37 38
504 0 1 2 3 4 6 7 8 10 12 13 15 16 18 19 20 21 22 24 25 26 27 28 29 30 31 32 33 34 35 37 38 43 44 45 46 48 50 52 53 54 55 56 57 58 59 60 61 62 63 64 65 66 67
505 0 1 2 3 4 5 6 7 9 10 11 12 13 15 16 17 18 20
506 0 1 2 4 5 6 7 8 9 10 11 12 14 15 17 19 22 23 24 26 27 28 29 31 32 33 35 36 37 38 39 40 41 43 44 45 46 47 49 51 52 53 54 55
507 1 2 3 4 5 6 7 8 9 11 12 14
508 3 4 6 7 8 9 10 11 12 13 14 15 16 17
509 0 2 3 5 6 7 8 9 10 11 12 13 14 16 17 18 20 21 22 23 24 25 26 28 29 32 34 35
510 0 2 4 5 6 7 9 10 11 12 13 14 16 17 18 19 20 21 22 23 24 27 28 29 30 31 33
511 0 1 4 5 6 7 8 9 10 11 12 13 14 16 17 18 19 20 21 22 23 25 27 29 30 31 32 33 34
512 0 3 5 7 8 9 10 11 12 13 14 15 16 17 18 20 21 22 23 24 25 26 28 29 30 31 32
513 0 1 2 3 4 5 6 8 9 10 11 12 14 16 18 19 23 24 25 26 27 28 29 30 31 32 33 34 36 37 38 39 40 42 44 46 48 49 50 51 52 53 54 55 57 58 59 60 61
514 0 1 2 3 4 5 6 7 10 11 12 13
515 0 2 4 5 6 7 8 9 10 11 12 13 14 15 16 17 18 19 20 21 24 25 26 27 28 29 30 33 34 35 36 37 38 39 40 41 42 44 46 47 48 49 50 51 52 54 56 57 60 62 63 64
516 0 1 2 3 4 5 6 7 8 14 15 17 18 20 21 22 23 24 25 27 28 29 30 31 32 33 34 35 36 38 39 40 41 42 43
517 0 2 4 5 6 7 8 9 10 11 12 13 15 16 17 18 19 20 21 22 25 26 27 28 29 30 34 35 36 37 38 40 41 43 44 45
518 0 1 2 4 5 6 7 8 12 13 14 15 16
519 0 1 2 4 6 7 8 9 10 11 13 15 16 17 19 20 21 22 23
520 0 1 2 4 5 7 8 9 10 11 12 13 14 15 16 17 19 22
521 0 2 3 5 6 7 8 9 10 13 14 15 16
522 0 1 2 3 4 5 8
523 1 3 4 5 6 8 9 10 11 12
524 0 1 2 3 4 6 7 8 10 11 12 13 14 16 17 19
525 0 1 2 3 5 6 8 10 11 12 13 14 15 17 18 19 20 21 22 23 24 25 26 27 28 30 32 33 34 35 36 37 38 39 40 41 43 44 46 47 50 51 52 55 56
526 0 1 2 3 5 6 8 10
527 0 2 3 4 5 6 8 9 11 12 14 16 17 19 20 21 22 24 25 26 27 28 29 30 31 32 33 34 35 36 37 39
528 0 2 3 4 5 7 9 11 12 13 14 15 16 17
529 0 1 2 3 4 5 6 8 9 10 11 13 14 16 17 18 19 20 22 23 24 27 29 30 31 32
530 0 1 2 4 5 6 7 9 10 11 13 14
531 0 1 2 3 5 6 7 11 12 13 15 17 18 20 21 22 23 24 25 26 27 28 29 30 31
532 1 2 3 5 6 7 8 9
533 0 1 3 4 5 6 7 9 10 12 14 15 16
534 0 1 2 3 5 7 8 9 10 11 13 14
535 0 1 2 3 4 5 7 8 10 12 13 14 15 16 17 18 20 21 22 23 24 25 30 31 32 33 34 35
536 0 1 2 4 5 7 9 11 12 13 14 15 17 18 19 20
537 0 1 2 3 4 5 7 8 9 10 11 12 13 14 15 17 18 20 21 22 23 24 25 26 27 29 30 31 32 36 38 39 41 42 43 44 45 46 48
538 1 4 5 6 7 8 9 10 11
539 0 1 2 3 6 7 10 12 13 14 15 16 17 18 19 20 21
540 0 2 3 4 5 6 7 8 10 12 13 14 15 16 17 18 20 21 23 25 26 28 29 30 32 33 34 35 36 37 38
541 0 1 4 5 6 7 8 9 11 12 13 16 17 18 19 20 21 22 23 25 26 27 28 30
542 0 1 2 3 4 5 6 8 10 12
543 0 2 3 4 5 7 8 10 12 13 14 15 16
544 0 1 2 3 4 7 8 9
545 0 1 2 3 4 6 8 10 11 12 13 14 15 16 17 18 19 20 21 23 24 26 27 28 29 30 32 33 34 35 36 37 38 39 41 42 43 45 46 48 50 51 53 54 55 56 59 60
546 1 2 3 4 5 6 7 8 9 10 11 12 13 16 17 18 20 22 23 24 26 27 28 29 31 32 33
547 2 3 4 5 6 7 8 9 11 12 13
548 1 2 3 4 5 7 8 9 10 11 12 14 15 17 18 20 22 23 25 27 28 29 30 31 32 33 34 35 36 37 38 39 40 41 42 43 44 46 47 48 49 50 51 52 53 55 57 58 60 61 62 63 64 65 66 70 71
549 0 1 3 4 6 7 9 10 11 12 13 14 15 16 18 19 21 22 23 24 25 26 27 28 29 30 32 34 36 37 38 39 40 41 42 43 44 47 48
550 0 2 3 4 5 8 9 10 12 13 14 15 16 17 18 19 20 21 22 23 24 25 27 28 29 30 31 32 33 34 37
551 0 1 2 4 5 6 8 9 10 11 13 14 15 16 17 19 20 23 24 25
552 0 1 2 3 5 6 8 9 10 11 12 13 14 15 16 18 21 22 23 25 26 27 29 30 32 33 34 35
553 0 2 4 5 6 7 8 9 10 13 14 15
554 2 3 4 6 8 10 11 12 13 14 15 16 17 18 19 20 22 23 24 25 27 29 30 31 32 35 37 39 40 41 42 43 44 46 47 48 49 50 51 54 55 56 57 59 60 61 62 63 64 65 66 67 68 69 70 71 72 74 75 76 78 79 82 83 84 85 86 87 88 89 90 91 93 94 97 98 99 100 101 102 103 104 105 106 107 108 110 111 112 113 114 115 116 117
555 0 1 2 3 4 5 6 7 8 9 10 11 13 16 18 19
556 0 1 2 3 5 7 8 9 10 11 12 13 14 16 18 19 20 21 22 23 26 28 29 30 31 32
557 0 1 2 4 5 6 8 10 11
558 0 1 2 3 6 7 8 9 11 12 14 15 16 17 18
559 0 2 3 6 7 8 10 11 12 13 15 16 17 18 20 21 22 23 24 25 26 27 28 30 33 34 35 36 37 38 39 40 41 42 43 44 45 46 48 49 50 52 53
560 0 1 2 5 6 7 8 9 10 11 12 13 14 15 16 17 18 20 21 22 23 24 25 26 27 28 30 32 33 35 37 38 40 42 43 44 45 46 47 48 52 54 55 56 57 58 59 60 61 62 63 64 65 67 69 70
561 0 1 4 5 6 7 9 10
562 0 2 3 4 6 7 8 9 10 11 12 13 14 17 18 20 21
563 0 1 2 3 5 6 7 8 9 10
564 1 2 3 5 6 7 8 9 10 12 13 16 17 18 19 20 21 22 23 24 26 27 28 29 30 31 33 34 35 36 37 38 40 41 42 43 44 45 47 48 51 52 54 55 56
565 1 2 4 6 7 8 9 10 11 12 13 15 16 17 18 20 21
566 0 1 2 4 6 7 8 9 10 12 13
567 0 1 2 3 4 6 7 9
568 0 1 2 3 4 5 6 7 8 9 11 12 13 14 17 18 19 21
569 0 2 3 4 5 6 7 9 10 11 12 15 16 17 18 19 20 21 22 23 24 26 28
570 0 1 5 6 7 8 9 11 12 13 14 15 16 17 18 19 20 22 24 25 26
571 0 1 2 3 4 5 6 7 9 11 12
572 0 1 3 4 5 6 9 10
573 0 2 3 4 6 7 9 10
574 0 1 2 3 5 6 7 8
575 0 1 2 3 4 5 6 7 8 10 11 12 13 15 18 19
576 0 1 2 3 4 7 8 9
577 1 4 5 6 7 8 9 10 11 12 13 14
578 0 1 2 3 5 7 8 9 10 11 12
579 0 1 4 5 6 7 8 9 10 11 13 15 16 17 18
580 0 3 4 5 6 7 9 10 11
581 0 1 2 3 4 6 8 9 12 13 14 15 16 17 19 20 22 23 24 25 26 27 28 30 31 32 33 35 37 38 39 40 41 42 43 44 45 46 48 49 50 52
582 0 1 2 3 4 5 6 7 8 9 10 11 13 14 19 20 21 22 23
583 0 2 3 4 5 6 8 9 10 11 12 13 14 15 17 19 20 22 23 24 25 26 27 28 29 30 31 32 33 34 35 36 38 39 40 41 42 44 45 46 47 49 51 52 53 54 55 56 58 59 60 61 62 63 65 66 68 69 70 73 74 75 77
584 0 1 2 3 5 6 7 8 9 10 11 12 14 16 18 19 20 21 22 23 24 26 27 28 29 30 31 32 33 34 35 39 40 42 43 44 45 46 47 48 50 51 52 53 54 55 58 60 61 62 63 64 65 67 68 69 71 72 73 74 75 77 78 79
585 0 2 3 4 5 6 7 8 9 10 11 13 15 18 21 22 23 24 25 26 27 28 29 30 31
586 0 2 4 6 7 8 9 10 11 12 13 14
587 0 1 2 3 4 5 7 9 10 11 13
588 0 1 2 4 5 6 7 9 10 11 12 15 16 17 18 19 20 21 22 23 24 25 26 27 28 29 30 32 35 36 37 39 40 41 45 46 47 48 49 50 51 53 54 55 56 57 60 61 62 63 64 65
589 0 1 2 3 4 5 8 9 10 11 12 14 16 17 18 20 21 23 24 25
590 0 1 3 4 5 7 8 9 10 11 13 15 16 17 18 19 20 21 23 24 26
591 0 1 2 3 5 6 8 10 11 12 13 14
592 0 1 2 3 4 5 6 8 9 10 11 12 13 14 15 16 20 21 23 25 26 27 28 29 31 32 34 35 36 37 40 41 42 44 45 46 47 48 49 50 51 52 53 54 55 56 57 58 59 60 61 62 63 67 68 70 71 72 73 74 75 76 77 80 81 82 83 84 85 86 87 88 89 90 91 92 93 94 95 96 97 98 100 101 102 103 104 105 107 108 109 110 111 112 113 115 117 118 119 120 121 122 123 124 126 127 128 129 131 132 133 134 135 137 139 140 142 143 144 146 148 149 150 152 153 157 158 159 160 161 162 163 164 166 167 168 169 170 171 174 175 176 177 178 179 180 182 184 185 186 188
593 0 1 2 4 5 6 7 9 10 11 12 13 15 16 18 19 20 22 23 25 27 28 29 30 31
594 0 2 4 5 6 7 8 9 11 12 13 14 15
595 0 2 4 5 6 7 8 9 11 12
596 0 1 3 4 5 6 7 8 9 11 12 13 14 15 16
597 0 1 2 3 4 6 7 8
598 0 1 2 3 4 5 6 8 11 12 13 14 16 17 18 19 20 21 23 24 25 26 29 30 31 32 33 34 35 37 38 40 41 42 43 46 48 50 51 52 53 54 55 58 59 60 61 62 63 64 65 66 67 69 70 72 73 74 75 76 77 78 80 81 82 83 84 85 86 87 88 89 90 92 93 94 95 96 97 98 99 101 102 103 104 105 107 108 110 111 113 114 117 118 119 120 121
599 0 1 2 3 4 9 10 11 12 13 14 15 16 17 19 21 23 24 25 26 27 28 29 30 31 32 33 34 35 36 37
600 0 1 2 4 6 7 9 10 11
601 0 1 3 4 7 8 9 10
602 1 2 4 5 6 8 9 11 13 14 15 16 17 18 19 20 22 23 24 25 27 28 29 30 31 32 34 35 36 37 38 39 40 41 42 43 44 45 47 49 50 51 52 54 55 57 58 59 60 61 62 63 64 66 67 68 70 71 72
603 0 2 3 4 6 7 8 10 11 14 15 17 18 19 20 21 22 23 24 26 27 28 30 31 32 33 34 35 36 37 38 39 41 42
604 1 2 3 4 5 6 8 10 11 12 13 14 15 16 17 18 19 20 21 22 26 27 28 29 30 31 32 33 34 35 36 37 38 40 41 42 43 45 46 47 48 49 51 53 54 55 56 59 61 62 64 65 66 67 68 69 70 71 72 73 74 75 76 77 79 81 82 83 84 86 89 90 91 92 93 94 96 97 98 99 100 103 104 105 106 107 108 110
605 0 3 4 5 6 7 8 9 10 11 13 14 15 16 18 20 21 22 23 25 26 27 28 29 30
606 0 2 3 4 5 6 7 8 10 11 12 14 15 17 18
607 0 2 3 4 5 8 9 10 11 12 13 15 17 18 19 20 21 22 23 24 25 27 29 30 32 33 34 36 37 38 39 40 42 43 46 48 49 51 52 53 55 56 57 58 60 61 62 63 64 65 66 67 69 70 72 73 74 75 76 78 79 80 81 82 83 84 86 87 88 89 91 92 93 94 95 96 97 98 99 100 101 102 103 104 105 106 107 108 109 110 112 114 115 116 117 119 121
608 0 1 3 4 5 6 8 9 12 13 14 15 16 17 18
609 0 2 4 5 6 8 9 10 11 12 13 14
610 0 1 3 5 6 7 8 9 10 11 13 14 18 19 20 23 24 25 26 27 29 30 31 32 33 35 36 37 38 39 40 41 43 45 46 47 48 49 50 51 52 55 56 57 58 59 60 61 62 63 64 65 66
611 0 1 3 4 5 6 7 8 9 10 11 12 14 15 16 17 18 19 21 22 23 25 26 28 29 31 32 33 34 35 37 39 40 41 42 43 45 48 49 50 51 52 53 55 56 57 59 60 61 62 63 64 65 66 67 68 69 70 71 72 73 74 75 77 78 79 80 81 82 84 85 86 87 88 89 90 94 97 98 99 102 103 104 106 107 108 109 110 111 112 113 114 115 116 117 118 119 120 121 122 123 124 125 126 127 128 129 130 131 132 134 135 137 139 141 143 144 146 147 149 150 151 152 153 154 155 156
612 0 1 2 3 5 6 7 8 9 10 11 12 13 15 16 18 20 22 25 26 27 28 29 30 31 32 33 34 35 37 39 40 41 43 44 45 46 47 48 50 51 52 53 54 55 56 58 59
613 0 1 3 4 5 6 8 9
614 0 1 2 3 4 5 8
615 1 2 3 5 6 7 8
616 0 1 2 3 4 5 6 7 8 9
617 0 1 2 3 5 6 7 8 9 10 12 13 14 16 18 19 20 21 22 24 25 27 28 29 30 32 34 35 36 37 38 39
618 0 2 3 4 5 6 7 9 10 12 13 15 17 18 19 20 21 22 23 24 25 26 27 29 30
619 0 1 2 3 5 6 7 8 9 10 11 12 13 15 17 18 20 21 22 23 25 26 27 30 31 33 34 35 36 37
620 1 2 3 5 7 8 9 10 13 14 15 16 17 18 19 20 21 22 23 24 25 26 27 29
621 0 1 2 3 5 7 8 9 10 11 12
622 0 1 2 3 4 5 8 10 11 12 13 14 15 16 19 21 22 23 24 25 26
623 0 1 2 6 8 10 11 12 13 14 15 17 20 21 22 23 24 25 26 27 28 29 30 31 32 33 34 35
624 0 1 2 3 4 5 6 9 10 11 12
625 0 1 2 4 6 7 9 10 11 12 13 14 15 17
626 0 1 2 3 4 5 6 7 8 9 10 11 12 14 15 17 18 21 22 23 24 25 28 29 31 32 33 35 36 37 38 39
627 0 1 2 3 4 7 8
628 0 2 3 4 5 6 8 9 10 11 12
629 0 2 3 4 7 8 9 10 11 12 13
630 1 2 4 5 6 7 8 9 11 12 13 14 15 17 18
631 0 1 2 3 4 5 8
632 0 1 2 4 5 6 8 9 10 11 12 13 14 15 16 19 20 21 23 24 26 29 30 32 33 34 35 36 37 38 39 40 41
633 1 2 3 4 5 6 8 9
634 1 2 3 4 5 7 9 10 11 13 14 15 16 17 18 19 20 21 22 23 24 26 27 28 29 31 32 33 34 35 36 38 39 40 41 42 43 44 45 46 48 50 51 54 56 57 58 59 60 61 62 63 64 65 66 67 68 69 70 72 73 74 77 79 80 81 82 83 85 86 89 91 92 93 94 95 96
635 0 2 3 5 6 7 8 9
636 0 1 2 3 5 6 7 8 9 10 11 12 13 14 15 17 19 20 22 23 24 26 27
637 0 1 2 4 6 7 8
638 0 1 2 3 4 6 7 8 9 10 14 15 16 17
639 0 1 2 3 4 5 6 7 8 10 11 12 13 15 17 18 19 20 21 24 25 26 27 28 29 30 32 34 35 37 38 39 41
640 0 1 2 3 6 7 8 9
641 0 1 2 4 5 6 7 10 11 12 13
642 0 1 2 5 6 7 8 9
643 0 2 4 5 6 7 8 9
644 0 1 3 4 5 6 7 8 11 13 14 15 16 17 19 20 22 23 24 25 26 27 28 30 31 32 34 35 36 37 38 39 40 41 43 44 46
645 0 1 2 4 5 6 7 8 11 12 13 15 16 17 18 19
646 0 2 3 4 7 8 9 10 11 12
647 0 1 3 4 6 8 11 12 13 15 16 17 18 20 21 22 23 24 25 26 27 28 29 31 32 33 34 36 37 38 39 40 41 42 43 44 45 46 48 49
648 1 2 5 6 7 8 10 11 12 13 14 15 16 17 20 22 24 25 26 27 28 29 30 31 32 33 34 35 36 37 38 39 40 42 43 44 45 46 49 50 51
649 0 1 2 3 4 5 6 7 8 9 10 11 12 13 16 17 19
650 1 2 5 6 7 8 9 10 11 12 13 14 16
651 0 2 3 4 5 6 7 9 11 13 14 15 16 17 18
652 0 2 3 4 5 6 7 8
653 0 1 2 3 4 5 7 8 11 12 13 15 16 18 19 20 22 23 24 26 27 28 29 30
654 0 1 3 4 6 8 9 10 11 12
655 0 2 4 5 7 8 9 10
656 2 4 5 6 7 8 9 11 12 13 14 15 16 17 18 20
657 2 3 4 5 6 7 8
658 1 2 4 5 6 7 8 9 10 11 12 14
659 0 1 4 6 7 8 9 10 11 12 13 14 16 17 18 21 22 23 24 25 26 27
660 0 2 3 4 5 6 8 9 10 11 12 14 15 16 18 20 21 22 23 24 26 27 28
661 0 2 3 4 5 6 7 8 9 10 11
662 0 2 4 5 6 7 8 9 10 11 12 13 15 16 17 18 20 23 24 25 26 27 29 30
663 1 3 4 5 6 7 8 9
664 1 2 3 4 5 7 9 10 11 12 13 14 17 18 19 20 21
665 0 1 2 4 5 6 7 8 10 11 12 14 15 16 17 18 19 21 22 24 25 27 29 30 31 32 33 35
666 0 2 3 4 5 7 8 9 10 12 13 14 15 17 18
667 1 2 3 4 6 7 8 10 11 12 13 14 15 16 17
668 0 1 2 3 4 5 8 10 11 12 13 15 16 18 19 20
669 0 3 5 6 8 9 11 12 14 15 16 17 19 20 21 22 23 26 27 28 29 30 31 32 33 34 35 37 38 40 41 42 43 45 47 48 49 50 51 52 53 54 55 56 58 59 60 61 62 63 64 65 67 68 69 70
670 0 1 2 4 5 6 7 9 10 12 13
671 1 2 3 4 5 6 7 8 10 12 13 14 15 16 17 18 19 20 22 23 24 26 27 30 31 32 34 35 36 37 38
672 2 3 4 5 6 7 8 9 11 12 13 14
673 1 2 3 4 5 6 7 9 11 12 13 14 15 16 19 20
674 0 2 4 5 6 7 8 9
675 0 2 4 5 7 8 9 10 11 12 14 17 18 19 20 22 23 24 26 27 28 29 31 32 33 34 36 37 39 40 41 43 44 45 46 47 48 49 50 51 52 53 54 55 57 58 59 60 61 62 63 64 65 66 67 68 69 70 71 72 73 75 76 79 80 83 84 85 86 87 88 89 90 91 93 94 95 97 98 99 100 103 104 106 107 108 109 110 111 112 114 115 116 117 119 120 121 122 123 124 126 127 128
676 1 2 3 4 5 6 10 12 13 14 15 16 17 18 19 20 22 23 24 25 26
677 0 1 2 5 6 7 8 9 10 11 13 15 16 17 18 19 20
678 0 1 2 3 4 5 6 7 9 10 11 12 13 15 16 17 18 19 20 21 22 26 27 30 31 32 33 34 36 37 38 39 40
679 0 1 3 4 5 6 7 10 11 12
680 0 2 3 4 5 6 7 8 10 11 13
681 0 1 2 3 5 6 7 9
682 0 1 2 3 5 6 7
683 2 3 4 5 6 7 8 9 11 12 14 15 16 17 18 19 21 22 23 24 25 26 28 29 31 32 33 34 35 36 37 38 40 41 42 43 45 46 47 48 49 50 51 52 53 54 55 56 57 58 60 61 62 63 64 65 66 67 69 70 71 72 73 74 75 76 77 78 79 80 83 84 88 90 91 93 94 95 96 97 98 99 100 101 102 103 104 105 106 107 108 114 115 116 117 118 120 122 123 124 126 127 128 129 130 132 133 135 136 137 138 140 141 142 143 144 145 146 147 148 150 151 152 154 156 157 158
684 0 2 3 4 5 6 8 10 11 12 13
685 1 2 4 5 7 8 9 10 11 12 13 14 16 17 18 19 20 21 24 25 26
686 0 1 2 3 4 6 7 10 11 12
687 0 1 2 3 4 6 7 8 9 10 11 12 13 14 15 17 18 19 20 21 22 23 24 25 26 27 28 30 31 32 33 37 38 40 41 43 44 45 46 47 48 49 50 51 52 53 55 56 59 60 61 63 64 65 66 67 69 70 71 72 73 75 77 78 80 81
688 0 1 2 4 6 7 8 9 11 12 13 14
689 0 1 2 4 5 7 8 9
690 1 2 3 4 5 6 7 9 10 12 13 15 16 17 19 20 21 22 23 24 26 27 28 29 31 32 33 34 35 36 37 38 40 41 42 43 44 46 47 48 49 50 51 53
691 0 2 3 5 6 7 8 9 10 11 12 14 15 16 17 18 20 22 23 24 25 26 27
692 0 2 5 7 8 9 10 11 12 13 14 15 16 18 19 20
693 0 1 2 5 6 8 10 11 12 13 14 17 19 20 21 22 23 24 25 26 27 28 29 30 31 33 34 35 36 38 39 40 42 45 46 47 48 49 50 51 52 54 55 56 57 58 60 61 63 64 65 66 67 68 69 70
694 0 1 3 5 6 7 9 10
695 0 1 2 3 4 5 6 7 9 11
696 0 1 2 4 5 6 7
697 0 1 2 3 5 6 7 8 9 11 13 14 15 17 18 21 22 23 24 25 26 27 29 30 31 32 34 35 37 39 41 42 43 44 45 48 49 50 51 52 53 54 55 56 57 58 64 65 66 67 68 69 70 73 74 75 76 77 78 79 80 81 82 83 84 85 86 87 88 90 91 92 93 94 95 96 97 100 101 102 104 105 106 107 108 109 110 111 112 113 114 115 116 117 118 119 120 121 123 124 125 127
698 0 1 3 4 5 6 8 9 10 12 14 15
699 1 2 3 4 5 7 8
700 0 1 2 3 5 6 7 8
701 0 1 2 5 6 7 9 10 11 13 14 15 16 17 18 19 20 21 22 23 24 26 27 28 30 31 32 33 34 35 36 37 38 39 42 43 44 45 46 47 48 49 53 54 55 56 57 59 60 62 63 65 66 67 69 71 72 73 74 75 76 77 78 79 80 81 82 84 85 86 87 89 90 91 92 93 95 98 99 100 101 102 103
702 0 1 3 4 5 6 7 8 10 11 12
703 0 2 4 5 6 8 9 10
704 2 3 4 5 6 7 8 9
705 0 1 2 3 5 7 8 9 11 12 13 14 16 17 18 20 21 22 23 24 25 27 29 30 31 32 33 34 35 36 37 38 39 40 42 43 44 46 47 49 50 51 52 53 54 55 56 58 59 60 61 65 66 67 68 69 70 71 72 73 74 75 77 79 80 81 83 85
706 0 2 3 4 5 6 7 9 10 11 13 15 16 17 18 19 20 21 22 23 24 28 29 30 31 32
707 0 1 2 3 6 7 8 9
708 0 1 2 3 4 7 8
709 0 1 3 5 7 8 9 10 11
710 1 2 3 4 5 7 8
711 0 1 2 4 5 6 7 8 10 11
712 0 2 3 4 5 6 7 8 9 10 11 12 13 14 16 17 19 20 21 23 25 26 27 30 31
713 0 1 4 6 7 8 9 10 11 12
714 1 2 5 6 7 9 10 11 12 13 14 15
715 2 3 4 5 6 7
716 1 4 5 6 7 8 9 10 11 12
717 0 1 2 3 4 5 6 7 9 10
718 1 2 4 5 6 7 8 9 10 12 14 15 16 17 18 19 20 21 23 24 26 27 28 29 30 31 33 35 37 38 39 40 41 42
719 0 1 2 3 4 7 8 9
720 0 3 5 6 7 8 9 10 12 13 14 16 17 18 19 20
721 0 2 4 6 7 8 10 11 13 14 15 16 17 19 21 22 23 24 29 30 31 33 34 35 37 38 39 40 41 42 43 45 46 47 48 49 50 51 55 56 58 59 60 61 62 63 64 65 66 67 68 69 71 72 73 74 75 76 77 78 79 80 81 82 83 85 86 88 89 91 93 95 96 97 98 99 100 101 103 104 105 106 107 108 109 110 111 113 114 115 116 117 118 121 123 125 126 127 128 131 133 134 135 136 137 138 139 141 142 144 145 146 147 149 150 151 152 154 155 156 157 158 159 160 161 162 164 165 166 167 168 170 171 172 173 174 175 177 178 179 180 181 182 183 184 185 186 187 189 190 191 192 193 194 195 196 197 198 199 200 201 204 205 206 208 209 212 213 214 216 218 220 222 223 224 225 226 227 228 229 230 231 232 234 235 236 238 239 240 241 242 243 244 245 246 247 248 250 251 252 253 254 255 257 258 259 260 261 263 264 265 266 267 268 269 270 271 272 273 274 276 277 278 279 280 282 284 285 286 287
722 0 1 3 4 5 6 7 9
723 0 1 2 3 4 5 6 7 10
724 0 1 3 4 5 6 8 9
725 0 2 4 5 6 8 9 10 11 12 13 14 15 17 18 19 22 23 24 25
726 1 2 3 4 5 7 8 9 10 11 12 13 14 15 16 17 19 20 22 23 24 26 27 28
727 0 1 3 5 6 7 8 9 11 12 15 16 17 18 19 20 21 22 23 24 26 27
728 0 1 3 4 6 7 8 9 10 11 12 13
729 1 2 3 4 5 6 7 8 9 10 11 13 14 15 17 20 21 22 23
730 1 2 3 4 5 6 10 11 12 13 14 15 16 17 18 19 22 23 24 25 26 27 28 30 31 32 33 34
731 0 2 3 5 6 7 9 10
732 0 1 3 4 5 7 8 9 11 12 13 14 15 16 18 19
733 1 2 4 5 6 7 9 10
734 0 1 3 4 5 6 8 9 10 11 12 14 15 16 18 19 20 21 22 23 24 25 28 29 30 31 32 33 34 35 36 37 38 40 41 42 43 44 45 48 49 50 51 54 55 57 58 59 60 61 62 63 64 65 66 67 68 69 71 72 73 74 76 77 79 80 81 84 85 86 87 89
735 0 3 4 5 7 8 9 10 11 12 13 14 15 16 18
736 0 1 2 4 5 7 8 10 11
737 0 1 2 3 4 5 6
738 1 3 4 5 6 7 9 10 11
739 0 4 5 6 7 8 9 10 11
740 0 2 4 5 6 8 9 10 11 12 13 14 15 16 17
741 0 1 2 3 4 6 7 8 10 11 12 14
742 0 1 2 3 4 6 7 8 9 10 11 13 14 15 17 18 19 20 22 23 24 26 28 29 31 32 34 35 36 37 38 40 41 42 43 44
743 0 1 2 3 6 7 8 9
744 0 1 2 5 8 9 10 12 13 14 16 17 18 19 20 21 23 24 25 27 28 30 31 32 33 34 35 36 37 39 40 41 42 43 44 45 46 47 48 49 50 51 52 53 54 55 57 58 59 60 62 64 65 67 68 69 70 71 72 73 74 75 76 77 80 81 82 85 86 87 88 89 90 91 92 93 94 95 98 99 101 102 103 104 105 106 107 108 110 111 112
745 1 3 4 5 6 7 8 9
746 0 2 3 4 6 7 8 9
747 0 1 2 4 6 7 9 10
748 0 1 2 3 4 5 6 7 9 10 11 14
749 1 2 3 4 5 7 8 9 11 12
750 0 1 2 4 5 6 8 9 10 11 13 14 15 16 18 19 20 21 22 23 24 25 27 28 30 33 34 35 36 37
751 0 2 3 4 5 6 8
752 0 1 2 3 4 6 7 8 9 10 12 14 15 16 17 18 20 22 23 24 25 26 28 30 31 32 33 34 37 38 39 40 41 42
753 0 1 2 3 4 5 6 7 9 10 11 12 13 14 15 16 17 18 21 22 23 24 27 28 30 31 32 33 35 37 38 39 40 41 47 48 49 50 51 52 53 54 55 56 57 58 59 60 61 62 63 64 65 66 67 68 69 70 71 72 73 74 75 76 77 78 79 80 81 82 83 84 85 86 87 88 89 90 91 93 96 97 98 101 102 103 104 106 107 108 109 110 111 112 113 115 116 117 118 121 122 124 126 127 129 130 131 132 134 135 136 137 138 139 140 141 142 143 145 147 148 149 150 151 153 154 155 156 157 160 161 163 164 165 166 167 168 170 171 172 175 177
754 1 2 3 4 5 7 9 10 11
755 0 1 2 3 4 5 6 9 10 11 12 14 15 17 19 20 21
756 0 1 2 5 6 7 8 10 11 12 13 14
757 0 1 2 4 5 6 8 9 10
758 0 1 2 3 4 7 8 9
759 1 2 3 4 5 6 7 9 11 12 13 14 15 16 18
760 0 2 3 4 5 6 8
761 0 1 2 4 5 6 8 9 10 11 13 14 16 17
762 1 2 3 4 5 6 7 8 10 11 12 13 14 15 16 18 19 20 21 22 23 24 26 27 30 32
763 0 1 4 5 6 7 8 9
764 0 4 5 6 7 8 9 10 11 12 13
765 0 1 3 4 6 7 8 9 13 14 15 16 17 18 19 20 21 22 23
766 0 3 4 5 6 7 8 10 11 13 14 15 16
767 0 1 2 3 4 5 6 7 8 9 11 12 13 15 16 17 18 20 21 23 26
768 0 1 2 3 5 6 7 8 10 12 13 15 16
769 0 1 2 3 4 5 6 7 9 10 11 12 13 14 15 16 17 21 22 24 25 26
770 0 1 2 3 4 5 6 7 10 12 13 14 16 17 18
771 0 1 2 4 6 7 8 9 11 12 13 14 15 17 18
772 1 2 3 5 6 7 8 10 11 12 13 14 15 16 17 18 19 20 22 23 24 25 27 28 29 30 31 33 34
773 0 2 4 5 6 7 8 9 11 12 13 14 15 17 18 19 20 21
774 0 1 2 3 4 5 7 10 11 14 16 17 18 19 21 23 24 25 26 27 28 29 30 31 33 34 35 36 37 38 39 40 41 42 44 45 47 48 49 50 51 52 54 55
775 0 3 4 5 6 7 8 9 11 12 13 14
776 0 1 3 4 5 6 8 9
777 0 1 3 4 5 6 7 10 11 13 14 16 17 18 19 20 22 23 24 25 26 27 28 30 31 32 33 34 36 37 38 39
778 1 2 5 6 7 8 9 10 11
779 0 1 3 4 5 6 7 8 10 11
780 1 3 5 6 7 8 9 10 11 12 13 14 15 16 17 18 19 20 21 22 24 27 29 31 32 33 34 35 36 38 39 40 42 43 44 45 46 47 48 49 50 51 53 55 56 57
781 0 1 2 3 5 7 8 10 11 12
782 0 2 3 4 5 7 8 9 10 11 12
783 1 2 3 4 5 6 9 10 11 12 14 15 16 18 19 20 21 22
784 0 1 2 3 4 5 6 7 8 10 11 13 15 16 17 19 20 21 23 24 26 27 28
785 0 1 3 4 5 6 8 9 10 12 13 15 16
786 1 2 3 5 6 7 8 9
787 0 1 2 3 4 5 6 8
788 0 1 2 3 5 7 8 9 10 11 12 13 15 16 17 18 20 21 22 24 25 26 27
789 0 1 2 3 4 5 6 7 8 9 10 11 13 15 16 17 19 20 21 22 23 24 26 28 29 31 32 34 35 36 37 39
790 0 1 2 4 5 6 7 9 10 11 12 14 15 16 17 18 20 22 24 25 26 27 28 30 31 33 34 36 37 38 39 40 41 42 43 44 45 46 47 48 49 50 51 54 55 56 59 60 61 63 64 65 66 67 68 69 70 71 73 74 75 76 77 78 80 82 84 85 86 87 88 89 90 92 93 95 96 99 100 101 102 103 105 106 107 108 109 110 111 112 113 114 117 118 119 120 121 122 124 125 126 127 129 131 132 133 134 135 136 137 138 139 140 142 143 144 145 147 148 149 151 152 153 154 155 156 157 158 159 160 163
791 0 1 2 4 5 6 7 9 10 11 14 15 16 17 18 21 22 23 24 25 27 28 29 30
792 0 1 2 5 6 7 8 10
793 0 1 2 3 4 5 6 9 11 12 13 14 15 16 17 18 19 20 21 22 24 25 27 28 30 31 32 34 35 38 39 40
794 0 2 3 5 6 7 8 9
795 0 2 3 5 7 9 10 11 12 13 14 15 16 17 18 19
796 0 2 3 5 6 7 8 9
797 0 1 2 3 4 5 6 7 8 10 12 13 15 16 18 19 20 22
798 0 1 2 3 4 5 6 7 8 9 10 11 12 13 15 16 17 20 21 22 23
799 1 3 4 5 6 7 8 9 10 11 12 14 16 17 18 20 21 22 23 24 25 26 27 28 29 30 31 34 36
800 0 1 2 3 4 6 7 8 10 11 13 14 16 17 19 21 22 23 24 25 26 27 28 29 31 32 34 35 36 37 38 39 40 41 42 43 44 45 46 47 48 49 51 52 53 54 55 57 58 59 61 62 63 64 65 66 67 68 69 70 71 75 76 77 78 81 82 84 85 86 87 88 89 90 91 92 93 94 95 96 97 98 100 101 102 103 104 105 108 109 110 113 114 116 118 119 120 121 122 123 124 125 126 127 128 129 130 131 132 133 134 135 136 137 140 141 142 143 144 146 147 148 149 151 152 154 155 160 161 162 164 165
801 1 2 3 4 5 7 8 9 11 12 13 14 16
802 0 1 3 4 6 7 9 10 11 12 13 14 15 17
803 0 1 3 4 6 7 8 9 11 12 13 14 16 17 18
804 1 2 3 5 6 7 8 10 11 12 13 14
805 1 2 3 5 6 7 8 10 11 13 14 15 16
806 0 1 2 3 5 6 8 9 11 12 13 14 16
807 0 1 2 3 4 7 9 11 12 13 14 15 16 17 18 19 20 22 23 24
808 0 2 3 4 7 8 9 10 11 13 14 15 16 17 18
809 0 1 2 3 6 7 8 9
810 0 1 2 3 7 8 9 10 12 13 14 15 16 17 18 20
811 1 3 4 5 6 7 8 9 10 11 12 14
812 0 2 3 4 5 6 7 8
813 0 1 2 3 6 7 8 9 11 12
814 0 1 2 3 4 7 8 9 10
815 0 3 4 5 6 7 8 9 10 12 13 14 15 16 17 19 20 21 23 24 25 26 28 30 31 32 33 34 35 36 37 38 39 40 42 43 44 45 46 47 48 49 51 52 54 55 56 59 61 62 63 64
816 0 1 2 4 5 6 8 9
817 0 1 2 3 5 6 7 8 9 11 13 15
818 0 1 3 4 5 7 8 9
819 0 1 2 3 4 6 7 8 10 12 13 14 15 16 17 18 19 20 21 22 23 24 26 27 29 30 31 32 35 37 38
820 0 2 3 4 5 7 8 9 10 11 13 14 15 16 17 18 19 20 23 24 25 26 27 28 29 30 31 33 34 35 38 39 40 42 43 44 45 49 50 52 53 54 55 56 57 58 59 60
821 0 1 2 3 5 6 7 8 9 10 11 12 13 14 15 17 18 19 20 22 24 25 26 27 28 30 31 32 37 38 40 45 46 47 48 49 50 51 52 53 54 55 56 57 58 59 60 62 63 64 65 66 67 68 69 70 71 72 74 75 76 77 78 79 82 83 84 86 88 89 90 91 92 93 94 95 96 98 100 101 102 103 104 105 106 107 108 110 111 113 114 115 116 117 118 119 120 121 123 125 126 129 130 132 133 136 137 138 140 141 142 143 144 145 147 148 149 150 151 152 153 154 155 156 157 158 160 163 164 167 168 169 170 171 172 173 174 175 176 177 178 180 181 182 183 184 186 187 188 189 190 191 192 196 197 198 199 200 201 203 204 205 206 207 208 209 212 213 214 215 216 217 218 220 221 222 223 224 225 226 227 228 229 230 231 232 233 234 236 237 238 239 240 241 242 244 245 246 247 248 249 250 253 254 255 256 257 258 259 262 263 264 265 267 268
822 0 1 2 4 5 6 7 8 9 10 13 14 16 17 18 19 20 23 24 25 26 27 28 30 31 32 33 34 36 38 39 40 41 42
823 0 1 2 4 5 6 9 10
824 0 2 3 4 5 6 7 8 11 12 13 14 15 16 17 18 19 20 21 22 23 24 25 26 28 29 33 35
825 0 1 2 3 5 10 11 12 13 14 15 16 19 20 21 22 23 24 25 26 27 28 29 30
826 0 1 3 4 5 6 7 8 10 12 13 14 15 16 17 18 20 21 23
827 0 1 2 3 4 5 6 7 8 9 10 14 16 17 19 20 21 22 23 25
828 0 1 2 4 5 6 7 8 9 10 11 12 13 14 15 16 19 20 21 22 24 25 27 28 29 32
829 0 1 2 3 4 6 7 8 10 11 12 13 15 16 17 19 21 22 23 24 25 26 28 29
830 0 1 2 3 4 5 6 7 8 10 13
831 0 1 2 3 4 5 6 7 9 10 14 15 16
832 0 1 3 4 6 7 8
833 0 1 2 3 4 5 6 7 10 11 13 14 15 16 17 19
834 0 1 2 3 4 5 7 8
835 0 1 2 3 4 7 8 9
836 0 1 3 5 6 7 9 10 12 13 14 15 16
837 0 1 2 3 4 10 11 12 13 14 15 17 18 19 20 21 22 23 24 25 26 31 32 33 35 36 38 39 40 41 42 43 44 45 46 47 48 50 51 52 54 55 56 57 58 59 60 62 63 65 67 68 69 70 71 72 73 74 75 77 78 79 80 81 82 84 85 86 87 89 90 91 92 93 94 95 96 97 98 99 100 102 103 104 106 107 108 109 110 112 113 115 116 117 118 119 120 121 122 123 124 125 126 127 128 129 130 131 132 133 134 135 136 137 138 139 141 143 144 147 148 149 150 152 153 154 155 156 157 159 160 161 162 163 165 166 167 168 169 170 171 172 173 174 175 176 179 180 181 182 183 184 187 188 189 190 191 193 196 197 198 199 200 202 203 204 205 206 207 208 210 212 213 214 216 217 218 220 222 223 224 225 226 227 228 229 230 231 232 233 234 235 236 237 239 241 242 243 245 246 247 248 250 251 252 254 256 257 258 260 261 265 267 268 269 270 271
838 0 1 2 4 5 6 7 8 9 10 12 13 14 15 17 19 21 22 23 24 25 26 27 28 29 30 32 33 34 36 37 38 39 41 43 44
839 0 1 5 6 7 8 9 10 11 12 13 15 16 17 18 19 20 21 23 25 26 27 28 29 30 31 33 35 36 37 38 40 41 43 44 45 46 48 49 50 51 53 54 55 56 57 58 59 60 61 62 63 64 65 66 69 70 71 73 74 75 76 77 79 80 81 82 83 84 85 86 89 90 91 92 93 94 95 96 97 100 101 102 103 104 105 106 109 110 111 113
840 0 1 2 3 4 5 6 7 8 10 12
841 0 3 4 6 7 8 9 10 12 14 15 16 17 18 19 20 21 22
842 0 1 2 4 5 6 8 9 10 11 12 14 15 16 17 18 20 22 23 24 25 26 27 29 30 31 33 34 36 37 39 40
843 0 1 2 3 4 5 6 8 9 11 13 14 15 17 18 19 20 21
844 0 1 2 4 5 8 9 10 11 12 13
845 1 2 4 7 8 10 11 13 14 15 16 17 18 19 20 22 23 24 25 26 28 29 30 31 33 34 35 36 37 38 39 40 41 42 43 45 46 47 49 50 52 53 54 55 58 59 60 61 62 63 64 65 66 67 69 70 71 73 74 77 78 79 80 81 82 83 84 85 87 88 89 90
846 1 2 4 6 7 8 9 10 12 13 14 15
847 0 1 2 3 5 7 9 10
848 0 1 2 3 4 6 7 8 10 11 13 15
849 0 1 2 4 5 6 8 9 10 12 13 14 15
850 0 2 3 4 5 6 8 10 11 12
851 0 1 2 4 5 7 8 9
852 0 1 3 6 7 8 9 10 11 12 13 14 15 18 19 20 21 23 24 25 26 27 28 29 30 32 33
853 0 1 2 3 4 7 8 10 11 12 13 14 15 16 17 19 20 21 23 24 26 27 29 30 31 32 33 34
854 0 1 2 3 4 5 6 7 8 9 10 11 12 14 15 16 17 18 20 21 22 24 25 27 28 31 32 33 34 35 37 38 39 42 44 45 47 48 49 50 53 54 56 57 58 59 60 61 62 65 66 67 68 69 70 71 72 73 74 75 76 77 79 80
855 0 1 4 5 6 8 9 10 11
856 0 1 2 3 4 5 7 8 9 10 11 16 17 18 19 20 21 22 23 24 25 26 27 28 31 32 33
857 0 1 2 4 6 7 8 9 10 11 12 13 14 15 17 19 20 23 24 25 26 27 28 29
858 0 1 4 5 7 8 9 10 11
859 0 1 2 4 5 6 8
860 1 2 3 5 6 7 8 10
861 0 1 2 5 6 7 8 9
862 0 2 3 4 5 7 8 9 11 12 13 14 15 17 18 19 20 21 22 23 25 26 27 28 30 31 32 33 34 36 37 38 41 42 43 44 45 47 48 49 50 51 52 53 54 55 56 58 59 63 65 66 67 69 70 71 72 73 74 75 76 77 79 80 81 82 84 85 86 87 88 89 90 91 93 94 95 96 98 99 100 101 102 103 104 105 106 107 110 112 113
863 1 2 4 5 6 7 8 9 10 11 12 15 16 17 18 20 21 22 23 24 26 27 28 29
864 0 2 3 4 5 6 7 8 9 10 11 13 14 15 18
865 1 2 3 4 5 6 7 9 11 12 14 15 16 17 18 20 21 22 23 25 26 27 28
866 0 1 2 3 4 5 6 7 8 9 10 11 12 13 14 15 16 17 18 19 20 21 22 23 25 26 28 30 31 33 34 35 36 37 38 39 40 41 42 43 44 45 46 47 48 49 51 53 55 56 61 62 63 64 65 67 68 71 72 75 76 77 78 79 80 81 83 85 87 88 89 90 91 92 93 94
867 0 3 4 5 6 7 8
868 0 1 2 3 5 6 7 8 10 11 12 13 14 15 17 18 19 20 21 22 23 25 27 29 30 32 34 35 36 37 38 39 40 41 43 44 46
869 0 2 4 5 7 8 9 10 11 12 13 15 17 18 19 20 21 23 24 25 26
870 0 2 3 5 6 7 8 9 10 11 12 13 14 15 16 17 18 19 20 21 22 23 24 27 28 31 32 33 34 35 37 40 41 42 43 44
871 0 1 2 4 5 7 8 9 11 12
872 0 2 4 5 6 8 9 10 11
873 0 2 3 4 5 7 8 9 10 11
874 0 2 4 5 6 7 9 10 11 12 13 14 16 17 18 19 20 21 23 25
875 0 1 2 3 4 6 7 8 9 10 12 13 14 16 17 18 19 21 22 23 24 25 27 28 31
876 0 1 2 3 5 6 7 8
877 0 1 2 3 4 5 8 9
878 0 1 3 5 6 7 8 10 11 12
879 0 1 2 3 6 7 8 9 10 11 12 14 15 17 19 20 21 22 23 24 25
880 0 1 2 3 5 6 7 9 10 11 12 13 14 17 18 19
881 0 2 3 4 6 7 8 9 10 12 13 14 16 17 18 21 22 25 27 28 29 30 31 32 33 34 35 36 37 38 39 40 41 42 43
882 0 1 2 3 4 5 7 8 9 11 12 13 14 16 18 19 20 21 22 24 26 28 29 30 31 32 33 34 35 37 38 39 40 41 42 43 45 46 47 48 49 50 51 52 53 55 56 57 58 59 61 62 63 65 68
883 0 1 2 4 5 6 7 8 9 10 11 12 16 17
884 1 2 3 4 5 6 7 8 10 12 13 14 15 16 18 19 21
885 0 1 2 3 4 5 6 7 8 9 11 12 13 14 15 16 17 19 20 21 22 23 25 26 27 28 29 30 31 32 33 34 36 37 38 40 41 42 44 45 46 48 49 50 51 52 56 58 59 60 62 63 65 67 68 69 71 72 73 74
886 0 1 2 3 4 5 8
887 0 1 4 5 6 7 8
888 1 2 3 5 7 8 9 10 11 12 13 15 16 17 18 20
889 1 2 5 6 7 8 9 10 11 12 13 14 15 18 19 20 21 24 25 27 28 29 30 31 32 33 34 35 36 37 38 39
890 0 2 5 6 7 10 11 12 13 14 15 16 17 19 20 21 22 23 24 25 26 27 28 29 30 31 32 34 35 36 37 38 39 41
891 1 2 3 4 6 7 8 9 10 12
892 1 2 3 4 5 6 7 8 10 12 13 14 15 16 17 18 19 20 21 22 23 24 25 26 27 29 30 32 33 34 35 36 38 39 40 41 43 44 45 47 49 50 51 52 54 56 57 58 59 60 61 62 64 66 67 68
893 0 1 2 4 6 7 9 10 11 12 13 14
894 0 1 2 4 7 8 10 11 12 13 14 15 17 18 19 20
895 0 1 3 4 6 7 9 11 12 13 14 17 18 19 20 21 22 23 24 25 26
896 0 2 3 4 5 6 8
897 0 1 2 3 4 5 8 10 11
898 1 2 3 4 5 6 7 10 11 12 14 15
899 0 1 2 3 4 5 6 7 8 9 10 11 13 14 15 16 18 19 20 21 22 24 26 27 28 29 30 32 33 35 36 37 38 39 40 42 43 44 45 50 51 52 53 54
900 0 1 3 4 5 6 7 8 10 11 13
901 1 2 3 4 6 8 9 11 12 13 14 16 17 18 19 20 21 22 23
902 1 2 3 4 5 6 8 9 10 11 12 14 15 17
903 0 1 2 3 5 6 8 9 10 11 12 13 14 15 17 18 19 20 25 26 27 28 30 31 32 33 34 35 36 38 39 40 41 42 44 45 47 48 49 50 51 52 54 55 56 57 59 61 62 63 64 65 66 67 68 69 70 72 74 75 76 77 80 81 82 83 84 86 87 88 89 90 91 94 95 96 98 99 100 102 103 104 105 106 108 109 110 111 112 113 116 117 118 119 120 121 123 124 126 127 128 129 130 131 132 133 134 135 136 137 138 139 140 143 144 146 147 148 149 150 151 152 153 155 156 157 158 159 160 161 162 163 164 166 167 168 170 171 172
904 1 2 3 4 5 6 7 8 9 10 11 12 13 16 17 18 19 20 22 23 24 25 26 27 28 30 31 32 33 34 37 39 42 43 44 46 47 48 49 50 51 52 53 54 56 57 58 59
905 4 5 6 8 9 10 11 12 13 14 15 16 17 18 20 21 22 23 24 25 26 27 28 29
906 1 2 3 4 5 6 7 10
907 0 1 4 5 6 7 10 11 13 14 15 16 17 18 19 20
908 0 2 3 4 5 6 8 10 11
909 1 2 3 4 5 6 7 9
910 0 2 3 4 5 6 7 8 9 12 13 14
911 0 1 2 3 4 5 8
912 1 2 3 4 5 6 7 8 9 10 12 14 15 16 17 18 19 21 22 23
913 0 1 2 3 5 6 7
914 0 2 3 4 6 7 8 9 11 12 13 14 15 16 18 19
915 0 1 2 4 6 7 8 9
916 0 2 3 4 6 9 10 11 12 13 14 15
917 1 3 4 5 6 7 8 9 11 12 14 15 17 18 20 21 23 24 25 26 28 29 30 31 33 34 35 36 37 39 41 42 43 44 45 46 47 49 50 51 52 53 54 55 57 58 59 60 61 62 63 64 65 66 67 70 71 72
918 0 1 2 3 4 5 6 8 9 10 12 13 14 17 19 21 22 23 24 25 26 27
919 0 2 3 6 7 8 9 10 11
920 0 1 2 3 4 5 6 7 8 9 12 14 15 16 19 20
921 1 2 3 4 5 6 7 8 10 11 13 14
922 2 3 4 5 6 7 10 11 12 13 14 15 16 18 19 20 21
923 1 2 3 4 5 7 8 10 11 12 13 14 15 17 18 19 20 21 22 23 24 25 26 27 28 30 32 33 35 38 39 40 41 43 44 45
924 1 3 4 5 6 7 8 10 11 12 13 15 16 18 19 20 21 22 24 25 26 27 28
925 0 1 2 5 6 7 8
926 0 1 2 3 4 5 7 8 9 10 12 13 14 15 16 17 18 19 21 23 24 26 27 29 30 31 32 34 35 37 38 39 40 41 43 44 45 46 47 49 50
927 1 3 4 5 7 8 9 10 11 12 13 15 16 17 18 19 20 21
928 0 1 3 4 5 6 7 8 10 11 12 13 14 15 16 19 20 21
929 0 1 4 5 7 8 9 10 11
930 0 3 5 6 7 8 9 10
931 0 2 3 4 5 6 7 8 10 11 13 14 15 17 18 20 21 23 24 25 27 28 29 30
932 0 1 2 3 4 6 7 10 11 12
933 0 1 2 3 5 7 8 9 11 12
934 1 2 3 4 5 7 8 9 10 12 15 16 17 18 19 20 21 23 24 25 27 28 29 30 31 32 34 35 36 37 39 40 41 43 44 45 46 48 49 51 52 54 55 56 57 58 59 60 61 62 63 65 66 67 70 71 72 73 75 76 77 78 80 81 82 83 84 85 86 87
935 0 2 3 5 6 7 8 9 10 11 12 14 15 16 19 20 23 25 27 28 31 33 34 35 36 37 38 39 40 41 42 43 44 46 47 48 49 50 51 52 53 54 55 56 57 58 59 61 62 63 64 66 67 69 70 71 72 73 74 75 76 78 79 80 81
936 2 3 4 5 6 7 8 10 11 12 13 14 16 17 18 19 20 21 22 23 24 26 27 28 30 31 32 33 34 35 37 41 42 43 44 45 46 49 50 51 52 53 54 55 56 57 58 59 60 62 63 64 65 66 67 68 69 71 72 73 74 75 77 78 80 81 82 84 85 86 87 88 89 90 94 95 96
937 0 1 2 4 5 6 9 10 11 12 14 15 16 17 19 20 21
938 1 2 3 4 5 10 11 12 13 14 15 16 17 18 19 20 22 23 24 25 26 27 29 30
939 0 1 2 3 6 7 8
940 0 1 2 3 4 6 7 8 9 10 12 13 16 17 18
941 0 1 2 3 5 6 7 8 9 11 13 14
942 0 1 3 4 5 6 7 8 9 11
943 0 1 2 3 5 7 8
944 1 3 4 5 6 7 8 9 10 12 13 14 15 16 18 19
945 0 1 2 3 4 5 7
946 1 2 3 4 6 8 9 10 11 12
947 0 1 2 3 4 7 8
948 0 1 2 3 4 6 8 9
949 1 2 3 5 7 8 9 10 11 12
950 1 3 4 6 7 8 9 10 14 15 16 17 18 19 21 22 23 24 25 26 27 28 29 30 31 32 33 34
951 0 1 2 3 4 5 6 8 9 10 12 13 14 15 17 18 19 20 21
952 0 1 2 4 5 6 7 8 9 10 11 12 13 14 15 16 17 18 19 20 21 22 23 26 27 28 30 31 34 35 36 37 38 39 40 42 43 44 45 46 48 50 52 53 54 55 56 57 58 59 60 61 62 63 64 66 67 68 69 70 71 73 76 77
953 0 1 2 4 6 7 9 10 11 12 13 14 15 17 18
954 0 4 5 6 7 9 10 11 13 14 15 16 17 18 19 20 21 22 23 25 26 28 29 30 31 32 34 35 36 37 38 39 40 41 42 43 44 45 46 47 48 49 50 52 56 57 58 59 61 62 63 64 65 67 68
955 2 3 4 5 7 8 9 10 11 12
956 1 2 3 4 5 6 7 8 9 11 12
957 0 1 3 4 5 6 8 10 11 13 14 15
958 0 1 2 3 4 6 7 8 12 13 14 15 17 18 19 20 21
959 1 2 3 5 6 7 8 9 10 11 12 14
960 1 3 4 5 6 7 9 10 11 12 15 16 17 18 19 20 21 23 24 25 26 27 28 30 31 32 33 35 36 37 38 40 41 42 44 45 46 47
961 0 2 3 4 5 6 7 9
962 0 1 2 3 4 5 6 7 8 9 10 11 13 14 15 18 21 22 23 24 25 26 27 28 29 30
963 0 1 2 5 6 7 8 9 10 11 12
964 0 1 2 3 6 7 8 10 11 12 13 15 16 17
965 0 2 3 4 5 6 7 9 10 11 12 13 14 15 16 17 18 19 20 22 24 25 26 28 29 30 31 32 33 34 36 38 40
966 0 1 3 4 5 6 7 9 10 12 13
967 0 5 7 8 9 10 12 13 14 16 17 18 20 21 22 23 24 25 26 28 29 30 32 33 34 35 36 37 38 39 41 42 43 44 45 46 47 48 49 50 51 52 53
968 2 3 4 5 6 7 8
969 0 1 2 3 4 6 7 8 9 10 11 13 14 16 17 18 19 21 22 23 25 26 28 29 30 31 33 34
970 0 1 3 4 5 6 7 8 9 10 11 15 16 17 18 19 20 21 22 23 24 25 26 29 30 31 32 33 34 35 36 38 39 42 43
971 0 2 3 4 7 8 9 10 11 12 13 14 17 18 20 21 23 24 27 28 29 31 33 34 35 36 37 38 39 40 41 42 43 45 47 48 49 50 51 52 53 54 55 56 57 59 61 62 63 64 65 66 67 68 70 71 72 73 74 75
972 1 2 3 4 5 7 8 9 10 11 12 14 15 16 17 18 19 21 22 23 24 25 27 28 29 30 31 32 34 35 37 38 39
973 2 3 4 5 6 7 8 9 10 11 12 14 15 17 19 20 22 23 24 25 26 27
974 0 1 2 5 6 7 8
975 1 4 5 6 7 9 10 11 12 13 14 15 16 17 18 20 21 22
976 0 1 3 7 8 9 10 11 13 15 16 17 18 19 20 21 22 23 24 25 26 27 28 29 30 31 32 33 36 38 39 42 44 45 46 47 48 49 50 51 52 53 54 56 57 58 59 60
977 0 1 2 4 5 6 7 8 10 11 13 15 16
978 0 1 2 3 5 6 7 8 9 10 11 12 16
979 0 1 3 4 7 8 9 11 13 14 15 16 17 19 20 21 22 23 24 25 26 28 29 30 31 32 33 35 37 38 39 40 41 43 45 46 47 48 49 50 51 52 53 54 56 57 58 59 60 61 62 63 64 67 68 69 70 71 72 73 74 75 76 77 81
980 1 2 3 4 5 6 8 10 11 13 15 16 18 19 20 21 22 23 24 25 27 28 29 30 32 33 34 35 36 37
981 0 1 2 3 4 6 7 8 10 11 12
982 0 2 3 4 5 7 8 9
983 0 1 2 3 5
984 1 2 3 4 6 7 8 9 10 11 12 13 14 15 16 18
985 0 1 2 6 7 8 9 11 12 14 15 16 17 18 19 20
986 0 1 3 4 5 6 7 9 10
987 0 1 2 3 4 6 8 10 11
988 1 2 4 6 8 9 10 11 12 13 14 15 17 18 19 20 21 22 24 25
989 0 1 2 4 5 7 8 9 10
990 1 2 3 5 6 8 9 10 11 12 16 17 19 20 21 23 24 25 26 27 28 30 32 33 34 35 36 37 38 39 41 42 43 44 45 46 47 48 49 51 52 53 55 56 57 58 59 60 61 62 64 65
991 0 2 3 4 6 7 8 10 11
992 2 3 4 5 6 7 8 10 11 12
993 1 2 3 4 5 8 9 10
994 2 3 4 5 8 9 10 11 12 13 14 15 16 17 18 19 20 22 23 25 26 27 28 29 32 33 34 35 36 37 38 39 41 43 44 45 46 47 48 49 50 51 53 54 55 57 58 59 61 62
995 0 1 4 5 6 8 9 10
996 0 1 2 4 7 8 9 10 11 12 15 16 17 18 19 20 22 23 24 25 26 27 29 30 32 33 34 35 36 37 38
997 0 1 2 4 5 6 7 9
998 0 1 2 3 5 6 8
999 0 1 3 4 7 8 9 10 11 12 13 14 15 16 17 18 19 20 21 22 23 26 28 29 30 31
1000 3 4 5 6 7 8 9 10 11 12 13 14 15 16 17 19 20 21 22 25 26 27 29 30 31 33 35 36 37 38 39 40
1001 0 1 2 3 4 5 6 7 8 9 10 11 12 13 14 15 16 17 18 19 20 22 23 24 26 27 28 29 31 32 34 36 37 38 39 41 44 46 48 49 50 52 53 54 55 57 58 59
1002 0 1 2 3 4 5 6 7 8 10 11 12 13 14 16 17 18 21 22 23 24 25 26 28 29 30 31 32 34 36 38 40 41
1003 2 3 4 5 6 7 8 10 11 12 13 16 18 19 20 21 22 24 25 26 27 28 29 30 31 32 33 36 37 38 39 40 41 42 43 45 46 47 48 50
1004 0 1 2 3 4 6 7 8 9 11 12 13 14 15 17 20 22 23 24 25 26 27 28 30 31 32 34 35 36 37 38 40
1005 0 1 2 3 5 7 10 11 12 13 14 15 17 19 20 21 22 23 24 26 27 28 29 30 31 32 33 34 36 37 38 40 42 43 44 45 46
1006 0 2 3 4 5 6 7 8 9 11 12 13 15 16 18 19 20
1007 0 3 4 6 7 8 10 11 12 13 14 15 16 17 18 19 20 21 22
1008 2 3 4 5 6 7 8 9 10 11 13 16 17 18 19 20 21 22 23 26 27 29 30 31 33 34 39 40 41 42 43 44 46 47 48 50 52 53 54 55 56 57 58 59 61 62 63 64 65 66 67 69 70 71 72 73 75 76 77 78 79 81 82 83 84 85 86 88 90 92 93 94 95 97 98 99 100 101 102 103 104 105 106 107 108 109 110 112 113 114 115 116 118 119 121 122 123 125 127 129 130 131 132 133 134 135 136 137 138 139 140 141 142 143 144 145 146 147
1009 0 1 2 3 4 5 6 7 8 9 10 11 12 13 15 16 18 19 20 22 24 25 26 28 29 30 32 33 36 38 39 40 41 42 43 44 46 47 48 49 50 51 52 53 54 56 57 58 60 61 62 63 64 66 67 69 70 72 73 74 76 77 78
1010 1 2 3 4 5 6 9 11 12 13 14 15 16 17 18 20 21 22 24 25 26 27 28 29 30 31 32 33 34 35 37 39
1011 0 1 2 4 5 6 7 8 10 12 13 14 15 16 17 20 21
1012 0 1 2 4 5 6 7 9 10 11 13 14 16 17 18 19 20 22 25 26 27 28 29 30 31 32 33 34 36 37 38 40 41 42 44 45
1013 0 1 2 3 4 5 6 7 9 10 12 13 14 15 16 17 18 19 20 22 23 25 27 28 29 30 31 32 33 35 36 37 39 40 42 43 44 46 47 48 49 50 51 53 54 55 56 57 59 63 64 65 67 68 69 70 71 72 74 75 76 79 80 81 83 84 86 87 89 90 91 92 93 94 96 97 98 99 100 102 103 104 105 106 107 108 110 111 112 113 114 115 116
1014 0 2 4 5 6 7 9 10 11 12 13 15 16 17
1015 2 3 4 5 6 7 8 9 10 12 13 15 16 17 18 19 20 21 22 23 24 25 26 28 29 31 33 37 38 40 41 42 44 45 46 47 50 51 52 53 54 55 57 58 59 60 61 62 63 64 65 66 67 68 69 70 71 72 74 75
1016 0 3 4 5 6 7 8 9 10 12
1017 0 1 3 4 5 6 7 9 10
1018 0 2 3 4 5 6 7
1019 1 2 4 6 7 8 9 10
1020 0 1 2 3 4 6 7 9 10 11 12 13 16
1021 0 1 2 4 5 6 7 8 9 10 11 12 14 15 17 18 19 20 22 23 24 27 28 29 30 31 32 33 34 35 36 37 40 41 43 45 46 47
1022 0 1 3 5 6 8 9 10 11 12 13 14 15
1023 0 2 3 4 5 6 7 8 9 10 11 12 13 14 16 19 21 22 23 25 26 27 28 29 30 31 32 33 34 37 38 39 40 41 42 44
1024 1 2 3 5 6 7 8 9
1025 2 3 4 5 6 7 9 10 11 12 13 15 16 17 18 19 20 21 22 23 24 25 27 28
1026 2 3 6 7 8 9 10 11 12 13 15 16 17 18 19 20 21 22 23 25 26 27 29 30 31 32 33 34 35 36 37 39 40 41 42 43 44 46 48 49
1027 0 1 2 6 7 8 9 10
1028 0 1 2 3 4 6 7 8 10 11 12 13 14 15 16 17 19 20 21 22 24 25 26 28 29 30 31 32 33 34 36 38 39 40 41 43 45 46 47 49 51 52 53
1029 0 1 2 3 5 6 7 8 9 10 12 13 15 17 19 22 23 24 26 28 29 32 33 34 35 37 38 39 40 43 45 46 47 48 49 50 51 52 53 54 55 56 57 58 59 60 61 62 63 64 65 66 67 68 69 70 71 72 73
1030 0 1 2 3 4 6 7 9 10 11 12 13 14 15 17 19 20 22 25 26 27 28 29 30 31 33 34 35 36 37 38 40 41 42 43 45 46 47 48 50 51 52 53 55 56 57 58 59 60 61 62 63 64 65 66 67 68 70 71 73 74 75 76 77 78 80 81 82 83 85 86 88 90 91 92 94 95 97 98 99 101 102 103 105 106 107
1031 1 3 5 6 7 8 9 10 11 12 14 15
1032 0 1 2 3 4 6 7 9 11 12 13
1033 0 1 2 3 4 5 7 9 10 11
1034 2 3 4 5 9 10 11 12 13 14 15 16 17 18 19 20 22 23 24 25 26 27 28 29 30 31 33 34 36 37 38 41 42 43 44 45 46 47 48 49 50 51 52 53 54 55 56 57 58 59 60 61 62 64 65 66 68 69 70 71 72 73 74 75 76 77 78 80 81 82 83 84 85 86 88 89 92 93 94 95 96 97 99 100 101 105 106 107 108 110 111 113 115 116 117 118 119 120 122 123 124 125 126 127 129 130 131 133 134 136 138 139 140 141 143
1035 0 1 2 3 4 6 7 11 13 14 15 16 17 20 22 24 25 26 27 28 29 30 31 32 33 36 37 38 39 40 41 42 43 44 46 47 48 49 50 51 52 53 54 55 56 57 58 59 61 63 64 65
1036 0 1 3 4 6 7 8 10
1037 0 1 2 3 5 6 7 8 9
1038 1 2 4 5 6 7 8 10
1039 1 2 4 5 6 7 8 9 10 11 12 14 15 17 18 19 21 23 25 26 27 28 29 30 31 32 33
1040 1 2 3 4 5 8 9 10 12 13 14 15 16 17 18
1041 0 2 4 5 6 7 8 9
1042 0 2 3 4 5 6 7 8 9 11 12 15 16 17 18 19
1043 0 1 2 3 4 5 7 8
1044 1 2 3 4 5 7 8 9 10 12 14 16 17 18 19 20 21 22 23 24 25 26 27 28 29 30 32 33 35 37 39 40 41 43 45 46 49 50 51 53 54 55 56 57 58 59 60 61 62 63 64 65 66
1045 0 2 3 4 6 7 8 9 10 11 13 14 15 17 18
1046 0 1 3 4 6 7 8 9 10 11 12 13 14 15 16 18 20 21 22 23 24 25 26 27 28 30 31 32 33 34 35 36 37 38 41 42 44 45 46 47 49 50 51 52 55 56 57 58 59
1047 0 1 2 4 7 8 9 10 11 13 14 15 16 17 18 19 20 21 22 23 24 26 27 28 31 32 34 35 36
1048 1 2 3 4 5 6 7 9 10 11 12 13 14 16 17 18 19 20 21 22 23 24 25 27 28 30 31 32 33 35 37 38 40 41 42 43 44 45 46 48 49 50 52 53 56 57 58 59 60 61 62 63 64 65 67 69
1049 0 1 2 3 4 6 7 9 10 11 12 13 15 17 19 20 22 23 24 25 26 27 28 30 31 32 34 35 37 38 39 41 42 43 44 45 46 47 48 49 50 51 52 53 54 55 56 57 58 61 62 63 64 65 66 67 69 70 71 72 73 74 76 79 81 82 83
1050 0 2 3 5 7 8 9 11 12 13 14 15 16 18 19 20 21 22 23 24 25 26 28 30 31 32 33 35 37 39 40 41 42 43 44 45 46 47 49 50 51 52 53 55 56 57 58 59 60 62 63 64 65 66 68
1051 0 2 3 4 6 7 9 10 11 12 13 14 15 16 17 18 19 22 23 24 25 26 27 29 31 32 33 34 35 36 38 39
1052 1 2 3 4 5 6 7 9 10 11 12 13 15 17
1053 0 1 2 3 5 6 7
1054 0 1 2 3 4 7 9 10 11 12
1055 0 3 4 5
1056 0 2 4 5 6 7 8
1057 0 1 4 5 6 7 8 9 13 14 15 16 18 19 20 21 22 24 27 28 29 30 31 32 34 35 36 37 38 39 41 42 43 44 45 46 48 49 50 51 52 53 54 57 58 59 60 61 62 63 64 65 66 67 68 70 71 72 73 75 76 77 78 79
1058 0 2 4 6 7 8 10 11 12 13 14 15
1059 0 1 2 3 4 5 9 10 13 16 17 18 19 20 21 22 23 24 25 26 27 28 29 30 31 32 33 34 35 36 37 38 39 40 41 42 43 44 45 46 50 51 54 56 57 58 60 61 62 63 64 65
1060 0 2 3 5 6 7 9 10 11 12 13 14 16
1061 1 3 4 6 7 8 9 11 12 13 15 16 17 18 19 20 21
1062 0 2 3 5 6 7 8 12 13 14 15 16 18 20 21 22 23 24 25 26 28 29 30 31 32 33 34 35 36
1063 1 2 4 5 6 7 8 9 10 11 13 14 15 16 17 18 19 22
1064 0 1 2 3 4 5 6 7 8 9 10 11 12 13 14 15 16 17 18 20 21 22 23 24 25 27 29 30 32 33 34 36 37 38 40 41 42 43 44 45 47 48 49 50 51 52 54 55 56 57 60 61 62 64 66 67 68 69 72 74 75
1065 0 1 5 6 7 8 9 10 11 12
1066 0 1 3 4 6 7 8 9
1067 0 1 3 4 5 6 7 9 11
1068 1 3 4 5 6 7 8 9 10 12 13 14
1069 0 1 2 4 5 7 8 9
1070 3 4 5 6 8 9 10 11 12 13 14 15 16 17 18 19 20 21 22 24 25 27 28 29 30 32 33 34 36 37 38 39 40 44 45 46 47 48 49 50 51 52
1071 0 1 2 3 4 6
1072 1 2 4 5 7 8 9 10 11 12 13 14 15 16 17 18 19 22 23 24 25 26 27 28 29 30 31 32 33 34 36 38 39 40 41 42 43 45 47
1073 0 1 2 4 5 6 7 8 9 11 12 13 14 15 17 18 19 21 22 23 24 25 27 28 29 30 31 32
1074 0 2 3 4 5 6 7 8 10 11 12 13 14 15 16 17 20 21 24 26 27 28 29 30 31 32 34 35 36 37 38
1075 0 1 2 3 5 6 7 8 9 10 12 13 14 16 17
1076 0 3 4 5 6 7 8 9 11 12 13 15
1077 0 2 4 5 6 7 9 11 12 13 14 15 16 17
1078 0 2 3 5 6 7 8
1079 0 1 3 5 6 7 8 9
1080 0 1 2 3 4 8 9 10 11 12 13 14 15 16 18 19 21 22
1081 0 1 2 3 4 5 8 10 11
1082 0 1 2 3 4 5 7 8 9 10 13
1083 0 1 2 3 4 5 6 8 9 10 11 12 13 14 15 16 19 20 21 22 23 24 25 27 30 31 32 33 34 35 37 39 40 41 42 43 45 46 47 48 49 50 51 52 53 54 55 56 57 58 59 62 65 66 67 68 70 71 75 76 77 78 79 82 83 84 85 88 89 90 91 92 93 94 95 96 97 98 99 101 102 104 105 106 107 109 110 112 113 114 116 117 118 120 121 123 124 125 126 127 128 129 130 131 132 133 134 135 136 137
1084 0 1 2 3 4 7 9 10 11
1085 0 1 2 3 4 5 6 8 9 10 11 12 14 15 16 18 19 20 21 22 23 24 27 29 30 31 32 35 36 37 39 40 42 43 44 46 47 48 49 50 51
1086 0 2 3 6 8 9 10 11 12 13 14 16 17 18 19 20 21 22 23 24 26 27 28 29
1087 0 2 4 7 8 9 10 11 12 13 14 16 17 18 19 20 21 22 23 24 25 26 27 28 29 30 31 32 35 36 37 38 39 40 42 43 44 46 48
1088 2 3 4 5 6 7 9 10 11 12 13 14 15 16 18 20 21 22 23 25
1089 1 2 3 4 6 7 8 11 12 13 14 15 16 18 19 20 21 22 23 24
1090 1 2 3 4 5 6 7 8 9 10
1091 0 2 3 4 6 7 8
1092 0 1 2 4 5 7 8 9 11 12 13 14 15 16 17 18 19 20 21 22 24 25 26 29 32 33 34 35 37 39 40 41 42 43 44 45 46 47 48 50 51
1093 0 1 2 3 5 7 8 9 10 11 12 14 15 16 18 19 20
1094 0 2 3 4 6 7 8 9
1095 1 2 3 4 5 7 8
1096 0 1 2 3 4 6 7 9 10 11 14 15 16
1097 0 1 2 5 6 7 11 14 17 18 19 20 21 22 23 24 26 27 28 29 30 31 32 33 34 35 36 37 39 40 41 42 43 44 45 46 47 48 49 50 51 52 53 54 55 56 57 59 60 61 63 64 65 66 67 69 70 71 72 73 74 77 78 79 81 82 83 84 86
1098 0 1 2 3 4 5 6 7 11 12 13 14
1099 0 2 3 4 5 6 8 10
1100 2 3 4 5 6 7 8 9 10 11 12 14 15 16
1101 0 1 3 5 6 7 8 9 10 11 12 13 14 15 17 18 19 20 21 22 23 24 28 29 30 31 32 33 34 35 36 37
1102 0 2 4 5 6 7 8 10 11 12 13 15 16
1103 0 1 2 4 5 7 8
1104 0 3 4 5 6 7 8 9 10 12 13 15 16 17 18 19 20 21 22 23 25 26 27 28 29 33 35 36 37 38 39 40 41 42 43 46 48 49 50 51 52 53 54 55 56 57 58 60 61 62
1105 0 1 2 3 4 5 6 9 10 11 12 13 14 15 17 18 20 23 24 25 27 28 29 31 32 34 35 36 37 38 39 41 42 43 44 45 46 48 49 50 51 52 54 55 56 57 58 59 60 61
1106 1 2 3 4 5 7 8 10 11
1107 0 1 2 3 7 9 10 11 12 13 14 15 16 18 19 21 22 23 24 25 26 27 28
1108 0 2 3 5 6 8 9 10 11 12 13 14
1109 0 2 4 5 6 7 10 12 13 14 15 16 17 18 19 20 21 22
1110 1 2 3 4 5 6 7 9 10 11 12 14 15 16 17 18 19 20 21 22 23 24 25 26 27 29 30 34 35 36 37 38 40 41 42 43 45 46 47 48 50 51 52 53 54 56 57 58 61 62 63 64 65 66 67 68 69 71 73 74 75 76 78 80 81 82 83
1111 0 1 2 3 5 7 11 12 13 14 15 16 17 18 19 21 22 23 24 25 26 28 29 30 31 32 33 35 36 39 40 41 42 43 44 45
1112 1 3 4 5 6 7 8 9 10 11 12 14 15 17
1113 2 3 5 6 7 8 9 10 11 12 13 14 15 16 17 18 20
1114 0 1 2 3 4 6 8 9 10 11 12 14 15 16 17 18
1115 0 1 2 3 4 5 8
1116 0 2 3 4 6 9 10 11 12 14 16 17 18 19 20 22 23 24 25 26 27 28 29 30 31 32
1117 0 2 4 5 6 7 8 10 11
1118 0 2 3 4 5 6 7 8 11 12 13 14 15 16 18
1119 0 1 2 3 4 5 6 7 9
1120 0 1 2 3 5 6 7
1121 0 1 2 3 4 7 9 10 11
1122 1 2 4 5 7 8 9 10 11
1123 0 1 2 3 4 5 6 8 11 12 13
1124 0 1 3 5 6 7 9 10 11 12 13 14 16 17
1125 0 1 2 4 7 8 9 11 12 13 15 16 17 18 20 21 22 23 24 25 26 27 28 30 33 34 35 36 37 40 41 42 43 44 45 47 48 49 50 51 53 54 55 56 57 58 59 60 61 62
1126 1 2 3 4 6 7 8 9
1127 0 1 2 5 6 7 8
1128 0 1 3 4 5 6 7 8 9 10 11 13 15 17 18 19
1129 1 2 3 4 5 6 8 10 11 12 13 14 15 17 18 20 21 23 25 26 27 28 29 30 31 32 33 34 36 38 39 40 41 42 43 45 46 47 48 50 51 52 53 54 56 58 59 60 61 63 64 65 69 70 71 72 73 74 75 76 77 78 79 81 82 83 84 85 86 87
1130 1 2 3 4 6 7 8 9 10 11 12
1131 0 1 2 3 4 5 6 7 8 9 10 11 12 13 14 15 17 19 21 22 24 26 27 29
1132 0 1 2 3 4 5 6 9 10 11 12 13 14 15 16 19 20 21 22 23 24 25 27 28 29 30 31 32 33 35 36 38 41 42 43 44 45 46
1133 2 3 4 5 6 7 8 9 10 12 13 15 16
1134 0 1 2 4 5 7 8 9 10 11 12
1135 0 1 2 3 5 8 9 10 11 12 13 14 15 16
1136 0 2 3 4 5 6 7 9
1137 0 3 4 5 6 7 8 9 10 11 13 14 17 18 19 20 21 22 23 24 26 27 28 29 30 31 32 33 35 36 37 38 39 40 41 42 43 44 45 47 48 49 50 51 53 54 55 56 58 59 62 63 64 65 67 68 71 73 74 75 76 77 78 79 80 81 82 84 85 87 88 89 90 91 94 95
1138 1 3 4 7 9 10 11 12 13 14 15 16 17 18 19 20 21 22 24 25 26 27 28 30 31 32 34 35 36 37 38 39 41 42 43 44 45 46 47 49 50 51 52 54 55 57 58 59 60 63 64 65 66 67 68 69 70 71 72 74
1139 0 1 2 3 5 7 9 10
1140 0 1 2 3 5 7 8 9
1141 0 1 2 3 5 6 7 8
1142 0 1 2 3 4 6 7 8 9 10 11 12 14 15 16 17 19 20 21 22 23 25 26 27 29 30 31 32 33 34 36 37 40 41 43 44 45 46 47 49 51
1143 1 2 3 5 6 7 8 9 10 11 12 13 15 16 17 18 20 21 23 25 26 27 28 30 31 32 33
1144 0 1 3 4 6 7 9 10 11 12 13 15 17 18 20 21 22 23 24 25
1145 0 2 4 6 7 8 9 10
1146 0 1 2 3 4 5 7 8 9
1147 0 1 3 4 5 6 7 9 10 11 13 14 15 16 17 18 19 20 23 24
1148 0 1 2 3 5 6 7 8 9 10 11 12 13 16 17 18 19 20 21 22 23 24 25 26 29 30 31 32 33 35 37 38 39 40 41 43 44 45 49 50 52 53 54 55 56 57 59 60
1149 1 2 3 6 8 9 10 11 12 14 15 16 17 18 19 20 21 22 24 25 26 28 30 31 32 33 34 35 37 39 40 41 42 44 45 47 48 50 51 52 53 54 55 58 59 60 61 62 63 64 65 67 68 69 70 71 72 74 75 77 78 79 80 81 82 83 84 86 87 88 89 90 91
1150 0 1 3 4 5 6 7 8 9 10 13 14 15 16 17 18 19 20 21 22 23 24 26 27 28 29 30 31 33 34 36 37 39 41 44 45 46
1151 0 1 2 3 4 5 6 7 9 10 11
1152 1 2 3 5 6 7 8 10 11
1153 1 2 3 4 5 7 8 10 11 12 14 15 16 17 18 19 21 22 23 25 26 27
1154 0 1 2 3 4 5 6 7 9 10 11 13 14 15 16 18 19 20 23 24 25 27 28 29 30 31 33 34
1155 0 1 2 4 6 7 8
1156 0 1 3 4 5 6 7 9 10 12 13 14 15 16
1157 0 1 2 4 6 7 8 9 10 11 12 13
1158 0 1 3 5 6 7 8 9 10 11 12 13 14 15 16 17 18 19 20 21 22 25 26 27 28 29 30 31 32 33 34 35 36 37 38 39 41 43 44 45 46 48 50 52 53 54 55 57 58 59 60 62 63 64 65 66 67 68 69 70 71 72 73 75 76 77 79 80 81 83 84 85 86 87 88 89 90 91 92 94 95 96 98 100 102 103 104 105 106 107 108 110 112 114 115 116 118 119 120 121 122 123 124 125 127 128 129 130 131 132 133 134 136 137 138 139 142 144 145 146 147 148 149 151 152 153 154 156 157 158 159 161 163 165 166 168
1159 0 2 4 5 6 7 8 9 11 13 14 15 16 17 18
1160 0 1 2 6 7 10 11 12 13 14 15 17 18 19 20 21 22 23 24 25 26 28 30 31 32 33 34 36 37 38 39 40 42 43 44 46 47 48 49 51 52 53 54 55
1161 1 3 4 5 6 8 9 10 11 12 13 14 16 17 19 20
1162 1 3 5 6 7 8 9 11 14 15 16 17 18 19 20 21 22 23 24 28 29 30 31 32 33 35 36 37 38 39 40 41 42 44 45 46 47 48 49 50 51
1163 0 1 4 5 6 7 8 10 11 13 15 16 17 18 19 20 22 23 24 25 26 27 28 29 30 31 32 33
1164 0 1 2 3 4 5 7 9 10 11 12 13 15 19 20 22 23 25 26 27 28 29 30 31 32 34 35 36 37 38 39 40 41 42 43 44 45 46 48 49 52 53 54 55 56 57 58 59 61
1165 0 1 2 3 4 6 7 8 9 10 11 12 13 14 16 17 21
1166 0 1 2 3 5 6 8 9 10 12 13
1167 0 1 2 3 6 7 8 10
1168 1 3 4 5 6 7 8 9 10 12 13 15
1169 0 1 2 3 4 6 8
1170 0 1 2 3 4 5 8 9
1171 1 2 3 5 6 7 8
1172 0 1 2 3 4 5 8
1173 0 2 3 4 5 6 7 9
1174 1 2 3 4 5 7 8 9 11 12 13 14
1175 0 1 3 5 6 7 8 9 10 11 12 13 14 15 16 17
1176 0 1 2 4 5 6 8 9 10
1177 0 1 3 4 5 6 7 8 10 11 12 13 15 16 17
1178 0 1 2 3 4 5 6 7 11 12 13 14
1179 0 1 3 6 7 8 9 10
1180 0 2 3 4 5 6 7 8 10 11 12 13
1181 0 1 3 4 5 7 8 9 10 11 13 14
1182 1 2 3 4 5 7 8 9 11 12
1183 0 2 3 4 5 6 7 8 9 10 12 14 15 16
1184 1 2 3 4 5 7 8 10 11 12 13 15 17 18 19 20 21 22 23 26 27 28 29 30 31 32 33 34 35 36 37 38
1185 0 2 3 5 6 7 8 9
1186 0 1 2 5 6 7 8 9
1187 0 1 2 3 4 5 6 8 9 10 11 12 13 15 17 18 19 20 21 22 24 25 26 27 29 31 32 33 34 36 37 38 39 40 41 43 44 47 48 49 50 51 52 53 54 55 56 57 58 59 60 62 63 65 66 67 69 70 72 73 74 75 77 78 79 80 81 82 85 87 88 89 90 91 92 93 94 98 99 100 101 102 103 104 105 106 108 110 112 113 114 115 116 117 118 119 120 121 122 123 124 126 128 131 134 135 136 137 138 140 141 142 143 144 146 147 148 149 150 151 152 153 154 155 157 159 160 161 162 163 164 166 167 168 169 171 172 173 174 175 176 177 178 179 180 181 182 183 185 186 187 188 191 192 194 195 196 197 198 200 201 202 203 204 205 206 207 210 212 213 214 215 216
1188 0 1 2 3 4 5 6 7 8 9 10 11 12 14 15 16 18 20 21 22 23 26 27 28 29 30 33 35 37 38 39 40 41 42 43 45 47 48 49 50 51 52 53 54 56 57 58 59 60 61 62 63 64 67
1189 1 2 3 4 5 6 7 8 9 11
1190 0 2 3 4 5 6 8 9 10
1191 0 2 3 4 5 6 7 8 9 10 11 12 13 14 15 16 17 18 20 21 22 24 25 26 27 30 31 32 33 34 36 37 38 39 40 42 43 44 45 46 47 48 50 51 52 53 54 57 60 61
1192 0 2 3 4 5 7 8
1193 0 2 4 5 6
1194 0 2 3 4 5 6 7 8 9 10 13 14 15 16 18 19 20 22 23 26 27 28 29 30 31 32 33 34
1195 0 3 4 5 6 7 8 9 10 11 13 14 15 16 19 20 21 22 23 25 26 27
1196 0 1 2 5 6 8 9 10 11 12 13 14
1197 0 1 2 3 4 6 7 8 9 10 13 14
1198 0 1 2 4 5 6 8 9 10 12
1199 0 1 2 3 4 5 6 7 9 10 12
